-891121718
803894649
-256344172
-1378386740
-1838194250
-1082093798
-787778955
96329983
-433728324
-691494367
1928844984
-462770327
-1905295125
775937227
-2001741472
1153506201
2007801451
-350091804
-1895069346
-1380738692
2043226794
-294835529
-666346864
-1142325988
859847535
-930806201
-600668036
-1799259506
1889432321
1556882382
46677157
-1704864675
1256087082
-801234419
639220089
-1203338170
-1409863641
-952774282
-768249808
551880805
461615999
1347735471
1487982541
-1940544338
841024669
2129093274
941432127
-2048723204
-157444922
-1673210086
-1468728000
977542163
66598600
552123712
-1220307879
-1207270226
1181269822
-338269833
-2118035554
78906611
-895304386
1601437402
391162052
-1288948979
-842338099
2056574118
155230367
314088356
329116456
665206099
-786878786
761895064
1462268841
-1128132541
-242583030
754387512
-796523410
-1230161054
1393393803
95913801
-1706443413
1162235931
-1823633642
-2053245151
1607461317
558385726
-307853874
1277689448
-204620059
802379475
2060770560
-586427754
-1620930998
1243780024
-1491221614
368358282
-764745817
1081114036
921218021
-1579634214
14856255
-1707388431
602835290
1024014722
478436048
-297592821
-57998019
-1259375883
1284168827
-1519025668
-70670415
1263632840
355643107
492630119
-505202423
38116054
-913502635
-455688041
561678094
-1225765437
1848174447
68152467
-1661766311
-1558224596
-380651073
-1927080672
-397880033
77147990
1404612538
1310422175
-1151865107
852488175
232710919
-134237975
-1317165117
1023182438
255353417
1398237314
-1438504166
133819527
1678905815
-434659498
-434326577
37317975
577413080
135396288
1904907585
-972054315
-1181084901
987683716
-1333863353
-1969694842
620554710
1332229397
1229952427
1364662753
1925466710
2129250005
1921528306
1977669522
1972560482
973507510
-1731454413
-458898776
-570535584
1150979732
-1203038136
-1848645729
1678526265
388394206
-1413271137
1350327755
582825660
871892438
1730810547
1865425631
2120937787
1974294660
1181280137
1077313253
-1251859185
432238200
-889070922
158336200
-574234667
-120085029
-1602628700
368906545
-498597329
-934334688
-1648898146
-1106933259
40825037
-1661410008
-655120666
490321675
-843545873
1766676728
-749789641
-1943258804
763169399
-1055276178
-1200841642
-1882400592
-984083139
-1133824590
-1665683456
745833277
-1682519632
-1430360369
-215872250
788414368
2114810162
-1304606960
-1487424178
-40743006
-492886283
46779409
-2069079053
196250921
-78517151
1013448960
1229882870
1707791965
-1542796803
-1236265914
-596265633
-637154808
787426683
1305835839
-560149494
-1674380003
-1143019016
-399732423
220585033
353392198
-986378366
997119678
1442322435
-1275611631
1481268581
2066169111
508822385
-23189347
1591636472
-1433114056
675418707
-1910886392
-1120193124
475823278
-1345454202
-355596395
-1138296929
-728265638
-2017985944
-1160042863
-1569137343
-825479806
502232858
877656099
-491180269
-2140222998
-1387145782
1173330020
-1343405391
596073296
-841232446
-1171652991
-372829140
1004921769
-1892800664
1902245658
579338545
1950160033
1358990025
-1302849615
896798021
-224332994
-130676797
1630358480
-361670811
-293535759
472298736
776622163
1912042955
-1606378472
-673723183
-924119350
1019706101
-49348730
1326385730
1737885801
-36671243
-918553941
335765377
1227175642
1713273663
759634393
240196088
-50965704
1186120928
-2122130750
-472783961
915308636
1029751214
1698763630
1825044037
830332724
188471299
-641793849
573620607
673273592
387935369
1887777990
-1144200152
-1864735981
1565992854
-385765407
1459476509
-938942650
239216488
5094312
-1049386921
968359627
-165354238
1925455906
581986723
661027037
267847469
1503427289
108987260
2143730621
-549632241
1242692676
1820190388
-1763037984
90350148
-1226040771
-1884165972
261989133
-2139582472
1660165630
-1179703530
-1361422456
301157690
117417197
-490579501
78402374
1929343485
-1666732217
1470764727
-1982094777
69049213
1268036789
1654634968
1707661969
-548765563
-1667710334
1724590432
1039855545
541415645
-561701620
327650858
-1998852308
-376001838
-1013653957
1085144217
498680530
-398365348
-1390547389
1385795896
1325649441
-1528726438
-99956256
-1906390457
1572320932
-1040646989
752616819
1691282347
-1540118969
-1732139092
1899064323
999342935
725794112
-1182785149
-1625129090
1441070280
-804970951
1231726117
-1350042843
-1014359915
-1052309850
651775763
910500096
362823494
-342799805
399760484
11540335
-1482259266
-1583785160
-1875652050
1921295967
-724746149
1951622830
818478066
1976630343
-2048249953
-87856783
-1551993935
-926246157
993498435
1217985397
-1438312027
-1532434145
1432119430
2120283734
-689755662
145519943
1268442516
1596347747
2111788952
790700781
1756144665
-1394273546
200473911
1524465476
-968865017
778713113
1596129256
834450248
255175808
312351435
1472241026
875469516
1520910677
-1568925384
129106327
-1266593142
473398128
-2136316414
1083299342
952265675
-499013358
-515233582
-946601826
-899083297
92580971
-756473652
-1001161443
1740508646
49588755
-1507386481
2047697995
1775182506
1233777218
-138155010
187485771
1458841210
-1994101216
443469524
2124781815
1523816835
-988528230
-532381742
1305606692
-826307767
559694370
-463664998
-1291717803
-62765353
-588296042
-1250575378
-1543295448
-904638210
-1890333279
1466288142
-1552232025
-1286314750
1695005341
-1619301457
367121024
1896145272
272419789
-883715517
2005015147
-459321024
-286606387
-667950089
1435508839
443648424
1719646840
1332049503
-634882936
1220431851
1733872393
464439116
-1020101834
-1379873215
-1859787284
-1722938128
719441540
-2061336623
-693597454
365183319
-1963796082
222962993
-1224277832
1998733399
-1515717518
-645206857
-440026577
1875877176
-982441284
-482079744
-1611569370
804029272
-2100488090
-813413280
-847144293
1606574413
1956818386
-259119420
-729713817
-546997365
788102650
-519778800
-1472762381
-1590294093
-1861462403
1608495242
1629510473
-1244187370
-2113436216
-66058336
-1420517007
-906463118
136882639
288566989
549164245
-322624526
288532112
-1006634979
260158621
-2139744523
1118000961
-415812158
-1427585032
-1188749540
1415455041
-997937989
-379318010
-1660621840
867286336
2126931234
1336469405
-1509477280
686373757
-1717019512
1858778008
923700037
913162513
-1692949111
1453130333
1347019506
933164598
-659896419
2061532282
-157746934
-35286357
-1118017227
-708251459
-1286465935
1540261769
1299255897
31486927
1527594685
299044366
-1058611562
-338065479
1760997120
-693122050
565167289
-1002529864
1035427141
-913683373
-2045799575
-288350230
-717485714
451624355
-1125483483
-1916544858
504372920
-1817050552
-1174859123
1587206183
-66935699
326477694
-1821862315
-76245344
-600528470
578392882
1589955002
1356831330
-1868221010
-1002198755
-337087012
-16876755
29908020
-1086698467
-469740916
-1008198318
748317123
1245082638
-1592309147
881820657
195504539
-1636845960
1408401072
1548393423
468669657
-930071469
-1487132714
-1179432205
-1023533017
1289139973
177965252
-677417204
-496489666
-362899115
-1769353249
-163982350
1008508031
-591357140
-758812389
513285738
301347490
418480289
1569133213
1353930258
-365215604
2129340436
-1975129555
-1422340390
-774532687
-1271789486
-442429508
-15551084
2044260355
-423506048
208987367
1207432258
-38988793
1818257553
918098750
-827157869
678366946
1827575242
-369584738
-923789224
127036370
-258088087
-1271775417
-929633545
-1433726703
512205147
-1300161841
1886468896
-218889383
-1001045826
1238925352
-88310397
-560880659
845220566
-1822994632
-1895127045
-1402330766
-1958203231
-2036206997
-1503159997
-1134927031
1589928062
1903713843
-1767627236
-675941247
124142225
270385555
1007367065
-1644121246
957376852
-291961307
-1270233931
553608761
2135649757
1605454723
-329680823
2146212325
923125598
1103724854
749867142
-731340473
-1499045415
-1695860898
502443419
-1464813857
1127401778
-879281545
757329260
-1749762362
63237830
1595978527
1951705210
1279490252
-1016451032
90094641
624625891
1149607248
-188950888
1550568765
65346329
1384416398
-1658134359
-135027744
-1797916738
-1341909646
-764134000
-1555709620
1675724783
1778806361
-1081816952
-2010979953
-299015883
-1752710239
1134609000
-393917754
829711377
1910858153
-779921275
1281511958
1425967628
2091478151
1124204300
2024304003
616947823
-304916053
-1225094313
2122077069
1957648770
1447523353
1770375651
1205822863
1169425935
2008101370
1511629510
2100575491
805149489
-659566062
-9955152
1207092467
-947039145
-485280162
-741208306
823301570
718758563
579411278
-549399588
-953210966
2028202817
431165052
1686631462
-2132959659
463502285
-1592107243
952952663
101441524
2140994455
-2034719363
-695003247
-10584079
-617695840
1499507093
586721935
-1276885907
-249492431
-114555746
-2126707558
1360102524
270128705
254512583
699521073
-411723639
1698019953
1733290833
560001387
-1698164628
-1329101696
1212994700
-454014901
1011576319
1496711948
-1920382138
-2012246413
-1568035902
-1335654137
1244642229
233295409
-325760196
-231701435
-161631727
-787966664
1945394646
863200856
-1636134981
-310890877
686985897
22889230
-765865797
-1028012166
-874677294
-1759082866
812956084
-341281447
-1307099416
-1227607240
-811504962
111676252
1449245421
1436283852
-1823353620
-1942520816
306218004
-206732668
1785132109
1277107831
-936256670
-2032873395
1942971248
-462803249
-469770958
1562028799
-1493216535
1652874818
2032628121
-863022374
-176526017
196782837
-471810643
809963948
-1607033807
252494821
156503881
-459952850
-1956041764
-1809001901
1905633016
-639558781
1876056690
-1648962892
-1513366833
1362677026
-1352972540
683907957
-162265788
1570456922
1009304405
672078017
720562749
-46019385
602212157
-1184479924
904365124
786763807
1426607296
2002986050
-1262907847
428314897
-2025750212
2033099259
-1830748956
-290190552
-793919062
-768156310
632577658
-129733298
-1693978168
-789324490
-176698356
314883607
-2092914495
-1738450591
-445811896
2063159962
240290266
1498044449
437825035
1442777960
910227932
1021816725
464888996
-386776328
1364237142
1332802219
-776586464
-69157177
865846127
-1626362031
1998895313
-1208915572
-714741424
-996737587
-2060170612
1114791005
-1227625310
-1550204064
672608161
-1802521885
1425261293
-1599025500
-1505841613
814290640
-357065316
-821470535
1142831772
1308421881
-468320537
-1706689614
-700482020
103188920
1483062649
1659846561
-712646137
1806200806
110650143
740933686
22869704
744400911
-510472213
-1996773505
-1915913398
-2076919887
468552703
178625360
481730255
-1842696521
1619385783
-659862884
1810808824
1559761228
1508001967
561486511
683132939
1412946671
174656937
777137580
-331131302
-1005907114
331097970
-678542821
1391069564
-343179653
-1535454269
804418471
553610802
1875728150
-1459536288
-1532933163
-2028651487
-1267909390
848924659
1726377020
1885258156
-913708840
1966265171
914209430
1136135945
-1691268119
1800864621
524194013
227682800
-848719696
439391778
516615510
1971771571
1159240461
-588378495
-1896817439
-326273476
2005447189
-729868360
1526883189
732367725
1854624793
-1518135000
-118488150
1640561236
1356252276
75058816
2022185840
-1497412860
437876772
-607697769
1513626097
1212168988
-1276561648
-1107784918
-457171035
-687882416
2090679348
-226719343
2046044127
-1115549843
-820748779
-2033322760
-392232239
154383483
171496686
104377000
-326458456
-407581111
1433348164
801020041
2102601756
-1771182613
-93760291
-1107617893
-1724678330
1745936524
1764160988
-1927117936
8205446
831744825
1617395459
831271428
-1728535675
1735588665
-258087112
732717485
-1240653491
-141219328
-883809534
1021414444
315325636
-476854842
1634402120
-1177978667
-352350377
-1952374791
-1609896758
-1024281040
-1954005341
-2089771226
572390324
-1098430514
746113367
1450517046
-370141007
-122308072
1223063456
1685776127
-576880557
-1884881209
862731388
1606344311
608731609
141989436
1744559598
-376433966
420211930
1806830214
1994402643
94036111
-257656714
-1592440767
1426639083
113290452
1409109442
-471985809
-661985372
1485286139
1837546185
-702323968
-1999544544
1545728046
1367728313
-1372977657
940661364
825126953
-2044569486
1910188848
-328049780
1577468165
1430556769
-1031625771
767850803
-1969924881
-1483078072
1476339893
610958944
1788290893
-636930268
-1535427079
-933691197
-69227460
1674591779
-2065797555
159220460
-471333653
811822389
2066676668
125639712
509937236
1962923882
-1066588473
-1190517450
800122345
-603722173
-190626459
1462729137
1663338858
1210356802
-1865216381
642720314
339065806
-536113137
-940773347
972576944
1122235163
-1952199136
-1973317382
792002734
-1846701949
-408265819
-1961217430
467102959
-1671628129
-736922349
1657087124
-435670805
-163973780
-535625582
-1544585093
-279241523
180222571
1687562454
-208681569
2110360463
-927446478
442671720
-1298680473
-1738735148
-358245695
-965321798
1768742685
-1558727137
-47855930
-564759208
1670857874
738911434
-175335395
732775463
-2104311330
249255029
1060235022
1567264628
1688561617
1799277771
819203456
2030477771
-1883213025
-820681923
124148069
-1806727447
-169236950
2080964822
335432488
-1235304074
1144430461
-885331639
1976405154
1004910128
-1205568507
-1597407503
1349930412
743658966
667768791
-1409921401
1293126582
154194152
1100759435
768395024
-1346585769
247310711
-2084694562
1437304683
-955618274
-1637487047
-1504153536
496788226
1099153128
4510262
-1951322722
1856398413
34583193
-39229033
1306198769
-644966672
-1406778447
1289573622
-728673224
1085613676
840686669
-1021773343
-1929983133
457085489
681114151
456081215
-1037787740
708897909
-1481666305
209473830
427693126
-200095413
1787268642
-448744757
-1189916204
-566974563
1845772824
1345526217
-1229283518
1280430122
964463204
1432897577
1021499722
2043803062
-1930758885
680804778
-1143876647
-455315130
-1184753024
-743232132
1253137090
-1918687852
439055455
-618567405
1531623212
13729040
51434628
1846166306
37879022
-604021259
807060474
-1228705154
1948479659
749409654
813670526
1529204911
730149157
1374531550
-1454388072
-2008596946
1857026332
-1292973097
-32832027
1492857487
-723785154
-1479514695
939714750
419542764
-363883599
-398317349
2108352554
1102615202
760702357
1425619503
-502240934
-2042680080
38813360
-1749615870
626142645
-1110523113
1824792249
-699519863
-496101458
-893316406
1781767764
-1155474508
-835266873
-350352254
1172385776
1027632901
-1394383909
-912346879
1358017842
-1246013005
-1829425004
855362350
-1812293252
-1739064411
-643226178
-1207389257
1582348775
-363323630
-1318817347
-116511583
-2089931494
-1654641014
560220636
-2029059638
569958615
-349922059
-1145849194
-1764134229
1185147849
-1014245755
1000643169
-2018537769
-529576778
269785362
1131926113
-1225643252
-411224662
-704466811
-232842260
363293067
1388265108
56088445
-1192236895
-1517958267
362893341
-1571550177
-349378971
593429905
1364281451
507083485
1136087255
1345100040
-1224383312
1704624201
1689418587
1808925883
-2016151382
-324644313
-1815700393
585473580
-1140834476
1051946642
-879065973
1792497798
-1205993670
-1377291627
1459102249
-1417817024
-64421862
1263783599
-1681883487
-1794012087
-807596898
-1218188813
226441496
549925910
-1438940606
-1055560720
-1709756657
-1535243795
-710514786
-287915599
-1940236821
2054827157
-1337491749
-1674183058
414070903
-1903636547
-1434793548
2002773731
-1068081544
1781181001
2083881889
-1064454765
-1406304454
1211772449
-401502185
-126193175
1883617049
1547579019
297760902
-551545749
-1475609230
-1419839693
1460377851
-767455375
-826922977
17515061
-63304350
-1266696193
-388559403
-295465407
486310049
-1624935881
-1770056100
1380652070
311519077
-376200656
-1499398207
-875559452
-271024988
-929677297
595596376
-702769474
160671933
-1921577436
-1471705109
-1113506980
-1368437198
189532593
1193519263
2067602528
705606819
-1686623128
485081581
1455139920
-1356154765
-2125830805
-882578365
-1526327269
-1589204786
75211973
-144660978
1519654434
1534684021
183225391
-915805766
-219391132
1601644547
761922387
-1821974416
-1202622014
11482419
-443231723
-1319859724
-1897894178
1198262129
1889397481
-1108743811
1396962112
551408689
-939015249
-430110731
-189643875
1781878313
1560118716
-213497458
-1598189039
882093919
-291951339
-1285517515
-1988419774
2140284879
-1871513974
-1950010645
125809040
-138575742
120608208
-1585022252
1264708730
-626483926
1983524642
686592289
-179519898
-1613631049
-374193061
-1472217437
1986307366
-684891156
749068586
-808817143
-2009186938
765468911
1355948416
-733702161
-1775112333
1410651076
849532901
65694128
748864371
-1758171793
385321926
-736394741
512741987
1946241081
611255980
-1859167254
-817301462
917298146
-1810596506
-1194905251
1757733249
-1049117866
-1317700220
-1218896034
-583979438
902177859
-1029214547
2100336265
2082379423
-1209900955
777158865
1838269567
709658122
-2143498572
1736701576
1896725145
542009611
1917312606
-224146233
374724821
-1146218070
-1034438857
1179285804
1743075143
-335456761
1377338349
2049015689
973928375
-1620803226
1390676854
-662886131
-1890573362
-1523295301
-617627763
1658909617
-511776612
845802696
-2139583545
-228328662
-661846510
1190253537
225766764
1671088945
1883382979
-1180639822
-1747896854
-1540350202
-1338438456
-723360081
-2110391180
-81902120
2024620557
-1817082345
1891749934
-64487391
-266637077
693622689
-1489085294
431905742
-159430490
-1528847153
-1988973825
1278706631
-1905969465
17621562
1734832641
389159206
-2075709775
730315129
-1885727577
1562389872
-420934940
-1155709799
322537989
-501267996
-56639819
-1191972582
533175816
-879454974
-325113939
320016517
675334109
1075870306
-879577281
-1452322487
1472602604
597003160
-801732914
1858754142
-1228336598
-1320561589
-501665066
-1594398168
-1979920308
214131369
1737337064
444315905
-1272570096
-515093199
1589033857
1747066733
854962750
1957885407
1938593475
1092019127
-238426190
-559721218
1000904825
387151812
-1114018536
1557274823
1879667779
-1429923486
1365643640
-1589241078
-1970810296
-2030003096
-1199963181
-891205125
1071699082
1555609822
1698355332
1887586900
530019748
710839982
286421182
893466997
356207136
644038353
-199051257
1176003922
-1035887630
371429325
1672865866
-473088141
-1977610817
-869017832
321024478
685814778
1733689788
-2000325540
321902015
1989222379
1105285259
1106131144
300300745
-821122719
-24230328
466387620
-1795429720
656569530
445660095
-721110637
2000325747
-1538858726
-824565492
1942447212
1722181876
-583949463
-1122120481
-1429355966
138735435
-1903748629
693338770
-2037037608
1736095600
64862664
591402201
-1235312
-316892640
1396108261
778744813
1012501066
1715071848
-2069460734
-65808887
-1759859291
-71073362
-1293901381
898009276
226104570
1090128753
-712595610
-866366955
-507160969
-727873209
1828475363
2021337994
-724001164
-1918487811
899987197
-1450365432
1752940894
-338943018
162187104
1421270990
917102128
843674466
-1182957442
92327974
650187821
-1362882230
-714732251
-787511551
-651612762
-577306042
2038634351
1501031683
-1325101452
-114651698
-534303818
1546999642
-1880705812
2146703219
-1356150623
120795976
-1388967527
1884489676
-1755380644
2027183547
480080785
-1035266446
-860272609
-447929740
709809365
-1590507228
-943984176
1752434065
606369104
1181745414
1297751256
351367226
-794007615
-571122003
773809394
-1794912002
-615996705
-1112406136
291704951
-356793362
-2088346675
1055308594
-1810189389
868864764
-26799510
287732991
1501136083
-1305702457
-427541590
-600859551
-1037543113
1779960955
-1940920768
71264132
1682402214
-1178995123
1936506547
-385076461
114568639
-1883177703
43075982
232601269
319196594
1436051160
500462822
1475337059
1698756578
1381981233
-2107939209
2121848029
1509754654
-1206724257
1382278129
1820541479
-1316167606
-1343118560
-1901172598
2052739522
2103411336
1931166830
1512236113
784839719
-521702007
902963691
1675207129
1744362827
-609201344
1998201463
-770238572
1125225307
-512289788
-1893552332
459084024
1048632999
503205624
-1943890025
1168745631
-1644633294
946206148
-1803025734
1078016322
1063707883
4004885
-1382258170
-1537152909
437825362
-294715859
-1243283363
1410442809
1568599253
1475523818
1024839421
-836336019
140877838
-1376642299
-1660791261
-399815097
1555167550
1928395556
-895573872
-249103031
-921216597
1883575584
393282184
-1270475171
1090283998
1905409015
-1677564788
-1415140660
1994572840
2040100894
-1798222006
-2079918152
1648239061
-2037782702
886704409
-1137170743
788721425
1818344888
1765197890
663082600
1119934936
-554674305
1833272224
589539210
952136341
-1363037927
532971689
-370513991
1125029006
-395080453
1980463621
-90312564
-2071258093
2123963497
-815077246
-2092187460
-432041148
19396771
-1485003951
-1308322840
1733039942
71353665
-984761415
-610038628
1083757483
-989830554
545419699
-584618838
-309312765
676071629
-1805617616
254151820
273790043
1515892623
1237858194
-1691501690
-1728624980
632630381
-175631497
2052690541
-152360076
1287019475
-457934196
-508652992
1037883247
-1089283918
804000445
208007629
-714401816
-394420513
-1968311643
-441091913
1245304857
-1294592393
-1959749190
-697318283
-1906982749
-918513453
-1226710071
1193921048
1947795891
20070004
30117040
988440131
-320931226
-297508175
-1175165145
913709478
3921480
-927933136
-2069344994
174879681
-596612364
2060798853
1466419508
-140083978
1520544667
-875483935
1679499014
-2081723135
356433488
-1843033271
-1422684325
1859529259
-1175308327
1356682740
-1447947991
-1282958612
1353867718
-1494798839
2105372173
-24756158
-1273236010
235588403
501410430
1068259332
1388423462
904110730
796622521
42490075
490027546
1834641610
-1785687963
1185539995
-54125595
-1233180170
1149849168
-1416212599
1926144216
-1420676845
-853080454
-28677954
1397463063
663107303
1176749744
659001225
659889176
1485499980
-438815881
-1835323504
-773447488
-1931438996
1388448717
-504391602
285103059
339784048
355257281
-802346703
1502032518
1898201341
-1720413201
410418093
-908342608
317230584
-768179273
1939127413
681665597
-837733004
90009325
1460198014
1345534018
-1609012921
824729941
-1370159961
1184508629
1220112830
-1273341351
1464269599
385486117
173207639
-1921392635
514048586
882007317
-1892935120
1888543879
-526053550
1820764156
-737711972
1977378391
212365306
285086614
125968854
1768921709
1776227470
-1066691740
-1819173771
921403712
1532414506
-1014314508
-1768574991
-486432688
340035708
343383558
-1779540493
-1161849192
-1652128726
-681978440
-1595599178
1215428906
1969597749
1956438698
-1052571502
1073480338
-1633501102
1206946988
-1325219249
-286228094
-190025765
2043582580
1702842251
854249568
1915222541
1998548102
-661170792
-131396697
936190996
-195863005
-1578076016
-345808870
1513341476
1326674211
1622000157
2094483893
191938591
-1454207077
1789159055
1059947817
-1688934985
-1195608140
534286243
-669217179
-2109855240
-1944868365
1763538282
-1542225523
-688381028
320772855
1777039479
1620247459
-1994955646
-1149068495
-2117931096
205481107
1486543911
-1831422750
474961161
1567882411
-491262064
-1723400616
-630888763
-76672804
314418675
2020511902
1208025364
-1383811874
-1388910917
-1410627261
-730888410
-238399133
-1154309366
-1587150901
1376898553
-191978950
-521015162
-51100953
-1740044046
-856060306
-81664218
637591563
-1844442806
346851057
-2093650722
1474974017
-1972049649
1049979814
-879428505
1255383968
1728605477
-2049169679
595288016
1326729970
-466483856
780413574
1000082415
294285009
1227099019
-695425023
-43140884
487392264
-1498333866
1776105413
1784892111
-1927266992
102653804
-1245561085
2116281525
735376111
-1325973302
-502475255
678035200
-1913703322
-897648178
1694439751
635591414
-197755941
1303204845
-137744226
791218721
-883228622
944816682
2075702982
1485866908
891606619
319842536
1470600086
-115716541
1387898223
-1806940835
-578917447
-1877573370
1920919839
417407543
-1282829555
1011252898
-633383595
-1090469002
-424234013
1515881540
-2049722042
1445452342
1651850963
1283177788
-994697149
742821674
-1510153974
1418730551
-1459348309
-597949776
-2114995038
720388351
1214332644
-784922762
-1273941558
-841591209
-685835095
-485761721
149864452
451206171
-360665436
1287933896
-1390223601
203094628
-57078400
-1172567
1856183106
-1561273000
-321525568
402005209
-579845951
854371120
-1343272070
-1545159793
2064940537
-1285531020
538037021
-71194328
-62785617
1663305040
550982953
2085196385
-801506751
1372549529
-864367097
-1362961610
-2006713952
2123788828
-1729691042
-2049661506
-1530065520
-312708094
-517026160
-1044437444
1012827454
636216912
1023585955
-346790429
1350673912
1537994730
436506801
-367630433
518765416
1338882490
-65493463
-2096209131
-1720244219
904009111
-242049687
-1101841871
362162947
736469503
1298025924
734354793
1354126010
2016572162
-1705404982
-1292144114
-750950321
-1951553252
1759144573
1748891002
-2081614643
1273826568
1358888761
-1930522136
-281144874
-1721992379
1206876974
-980155424
940719120
1777961866
-1129827030
-1556431867
789993661
828935531
1958291762
239302403
2104241356
-1047379627
-1390031549
-532410963
168178522
-65559429
-390997451
527325710
-1349338619
48716768
-429354993
1031568529
-112915499
298938166
85452690
1924988077
-1447728998
-921584028
486223833
-759843050
1062655453
2093581574
1683945402
-1363740591
-789964364
858184322
63689209
2020458392
-1838472712
-1663246715
-1493968447
354285096
503271537
-718128233
1639701996
878606672
-1189319256
1248906351
1688516623
795648054
-302831591
-1399117976
1012298517
105049682
1546687893
793330318
1835713792
-1948811360
-983938984
345779520
819930053
883972935
732981998
967293853
-973801542
928593827
-2067105408
-1568111429
-1239177947
-1580364460
1939254497
-1719614211
1397159656
309631611
-1099576551
-254675579
1984221596
-2049894454
1186257591
2035849313
948564762
-398703213
1670847039
1998815907
-1615755901
1480148883
-68037790
-1995354020
672791570
1497282022
550690952
-210692050
-527168259
1819217288
1038495048
-384963974
1992055410
1933815451
1094403915
-1664381385
-1256320394
684663322
1344397932
2119560236
-1308136464
-1532601534
1302361564
-1748768649
731572684
-237675805
1613125084
-2003796539
-2140109471
-1406429789
1972034794
379902657
179330423
-516492603
-129694958
1099824083
-916402862
1750445757
2125084085
-1432140088
-1827103507
265417079
717094345
646659491
1705994429
729360932
1892211532
401303848
-195685222
1310699007
1894027366
-4511530
1149624403
2013448376
-1484755226
-127953491
-1608474443
1107513071
-732947175
-1148410725
-738321603
-1577356499
906828006
-1778766347
1192058442
-267221953
-1879202828
-1982475372
1795097439
-1990298320
1016049062
-831331482
-451155908
990276258
-224914237
1724308682
666169386
1326542517
1183028516
336039384
1230382520
975187996
-1273667417
1365972102
1989902620
524812033
-1692132561
-428751217
1664041710
-1246913304
-1805764421
1506544964
1863848512
-1791818238
188217095
31173620
833993949
-772530255
1799192348
1038921295
-413181197
224898214
-1851549637
-1263572727
-1584631164
2029579758
-1354496314
-842786603
-922927861
327716808
-173114926
-2052981380
-2009620962
-876403537
-520451345
-459716202
373330136
861977160
-1486550943
1259114432
-342911238
428672933
554241434
2134158807
-646444346
1958615673
-459532998
-460591471
-991063703
469465987
1284991309
1000220094
755401415
1544930593
346387514
-179866073
900376789
1471755864
1071478719
999323638
1344449046
-1703940919
-2031042951
-417258912
-152615442
2065622932
-705475678
-564946007
-1418410352
365181710
862949589
-1426725408
-1073730819
-886807985
2047465623
-2136518117
-1966976798
1323460026
-1504213843
2006380530
-735528945
-588673965
15444327
-1189994168
60317135
-631041425
567216539
886274832
1971532501
340607284
2080690737
-1249093967
1959913151
848241003
-1562712628
2072993577
827319863
-813408288
-804195444
697416401
1020635312
1921436365
2075065566
1638932556
2128934025
-210168196
-1392758357
-2179253
-1294244336
-732494039
-811374563
746458804
116522161
1705425754
784461770
-1294867849
293663784
947261803
809036335
1813893823
368024925
2003783731
-320560764
-439770004
-427616120
1320334250
-149307829
-750224340
2126145040
-1888911371
-45830390
1732128614
77012537
-219469871
1238705256
-1490987201
-1328271691
-1935429215
-1495943619
1356511064
506226710
1857288699
1246329290
-940422813
176267694
1376909144
-1649716361
162826620
894489296
-113819705
1340390054
-1697614842
-1317364848
-628725536
-753500346
319931640
-1035337123
-622842145
-1791706335
-463424842
-327498394
289998626
-1564666863
400867540
-361010409
-1585234648
441806860
1511239476
-1366458114
-953712176
-856628739
-1146201180
958938551
1676818322
-61982829
-1369774503
-1978088410
872624813
-1830988702
-216340547
-1016366459
1411944038
-980233045
-1128711618
-1821009656
2057750264
654823067
2029996823
-1468534465
1148380158
1396980725
-581463894
-1699141174
-1371309257
-1431246694
849217977
-2007424398
-960212485
-2050491622
925534256
825162698
-791424870
1123318919
778614633
-1639648261
-1552087247
589399616
1141552364
-1551298572
280410792
-2041675666
-1595186219
-1388384783
-1855484292
-1821600713
1257022053
1753664363
933113493
1291975444
-351589598
-1520665959
1574964459
1233497817
1186762365
1568594011
1467534998
-1033722069
1946728909
1350166490
-730962583
-2093832468
1669641796
-603056382
1693093008
-1819918154
1935957992
-1732929576
-1455253791
634101730
2096894066
1242309562
671049972
-1838595552
-1268163185
1655697615
1396428820
2026121242
2098442890
505392243
1115595524
-4334892
-1729441894
-91288348
380526522
789328015
129478423
1806589856
1746904721
15404322
789889453
129522458
1773726415
-1293495528
1063060796
-432143488
1508733025
-908422436
-1834105641
-871649650
-1850549675
-910523083
-867238192
40054914
-2024352607
-2057921532
-818807340
304073648
-1853773366
278579211
1880141432
-1610259458
-218475853
-571354263
565209744
-1353383709
-768574927
24737751
-548967344
-1316772262
-1610329900
375630219
165149085
-1949718439
-1383548628
-407308529
1058908369
2059722521
1849983134
-399067997
-1151739717
-1505070546
-1780215486
-1837127042
752850713
-1254621409
-798519476
616210827
1610642594
139790467
-366051100
-1353274819
-1285683088
1497992416
-458268789
-1922114671
-1260394267
-1046376374
-2013111989
444213415
284281774
2125777492
2145179571
-1067778080
176381740
-401117912
-465793061
-332901206
-244923951
-1193161555
-150511975
-2137514538
-1052312119
-1081400488
-1329054049
643814208
-1089100789
-2107752557
-2009399504
1462680134
566791723
1947084261
1906826630
1625074402
284918753
1914690829
-998591324
-513616372
1511387871
-1651777019
-1279080586
-1649391200
-906465766
-1375051794
194248403
-1449614161
-729497998
1726337604
2061544068
833046835
-1833646838
2043264408
836872512
567782044
1109529401
1648211758
1292375959
1941088725
-1165123270
149006696
230393944
-911628551
-432715848
-1238919509
-719713778
656560315
-700340839
1147778790
991297799
882913178
414446144
-2028085181
-1967540757
303362305
326870810
465841532
-933035380
1363956081
1211378630
1161491842
-1731444495
-70819279
-880571503
-1923154641
1628443010
835899008
-1491869040
510152295
754341936
1144076425
-15590260
-551244623
-564293685
-1643794068
840954554
-92178422
-1041175315
-499624567
513699461
2071512379
1197931337
619800476
1210725433
-342376463
-1545779748
-444361432
2082538095
502329690
-1285905641
-1662584152
1722555542
393994414
-545353257
-68764448
1713280367
1279659390
182999581
-408665827
518359188
1757331192
-627422005
-1393596345
1652197640
2124596122
2010147185
1586357539
-286106845
1173602896
821902567
-1291469530
-1434620977
-1301817373
-438421487
921350733
-1293712504
-74925640
1787882397
1430834680
-1885149503
27169945
-946619610
-1264212271
-346498873
-667027750
-1369282385
125274353
1717919603
-1921254583
-1621846252
831935840
-213961019
-192568133
-1978897749
1623054413
-729904664
329003286
-1060746593
1487857388
-98772033
1413908110
-971682740
-317854082
-1577362064
853564196
680421306
1472012965
439184894
-1343564136
537399328
-1975526532
-540635461
1587322870
-12993399
517179707
-2129964103
1313149318
-366764899
-1189288066
-119605582
877632354
308793188
1298976941
-902698011
-1259080586
537863889
167254185
1814317504
-2029063449
-1311767626
-938722423
127303277
-335064103
-853247661
1885195242
971878373
-389554370
79069143
1022831942
-1683619853
-239357048
1462895584
-1446111339
-1049346882
-312652006
-528140784
298070191
-449613541
1207111482
970445757
-2005227321
486815197
-75185428
589143072
-1210485037
-1206934685
-600433390
-1083925628
-1687457604
-1718444929
561957007
1179875099
1648807177
-1583139775
846933476
1581483932
412163488
1018587867
-1449135054
1542414128
562123586
960593751
1225030881
452285083
-2007364578
334788859
1868242938
-1273199695
-377779454
-1728292742
-1368481448
-171257342
1739205449
-234290713
1564331862
-1848604415
-1262256890
769157500
-2016542416
-375682445
1614358464
-1733350533
-2017001118
2010352078
722747103
-451406691
652470220
-1420975968
2007382369
-1695208114
1794879517
445785891
1745720601
1435150871
-1017490818
1306516032
657903076
-689150708
1557528375
-1136661239
1760438526
29223133
1950816442
-801708069
-1802978845
-670902224
-345220722
2119724724
1274719772
1949338800
-1743892597
1902991649
683980681
1905130101
697237898
8683597
-965237458
2136252689
-1818575361
1949292294
226386151
1136276580
-71496528
-139613549
-2136414715
-520739657
-969310079
1111236681
-1853267538
1037338112
-1675408428
-1326114033
-1341745578
1096889911
-785189479
95468259
-178916794
-762520747
82303720
2056335476
1974442521
-702367013
1252260529
-266907064
2023809446
480320089
1982096277
-784740944
233168557
472799712
294982399
1246238726
-827122476
-1397886146
-1532717244
459554503
140022947
-9801501
-1555526628
925201774
-1315261670
1628816084
-1453300658
-568156400
851932137
2098925094
-1763130297
1144609616
-774946820
-1095008340
1328961811
1432249520
-1134839963
1629677632
2102730421
707933182
181096147
-1469033424
1300622870
-896976960
-1697297877
628188505
-975185230
1690879
600620125
-1026759712
-456458530
1580903101
-994640924
-203438700
991057339
-258621745
-2086095049
942393296
2097974258
-2039347991
-1750079735
-1584475678
-306081561
-121997545
-861291684
1783730055
-103758353
372726810
276998990
1168418328
-1852005019
-1510297457
925395882
947561258
-541155411
-917491951
-1072933593
1453357495
-353919844
-74910046
409635770
-1876510061
695043453
1765139372
-897012947
-1775712860
-2108099333
1162465379
-1378323384
1367031949
1745999249
-1257619495
-1991686772
-64998900
346105751
-36264437
1013131774
-359353788
577632451
670964557
-1289118705
-955916176
-468233469
-1658454078
1144791226
-484481605
-68926968
850048456
1442011596
-385159147
-1203174005
-2088009696
-515944587
-2144284314
911004645
865788416
-1694986755
-257672076
-1608119546
296595536
653689866
946677810
-172923872
919596755
-2017289461
-2005329626
-895776044
-601532628
-720403415
-1620485453
-2058242493
1039054159
-1291631859
587949071
-417930842
532447802
815085517
-2024176940
874476170
-66683604
2015076026
-1518439252
-4761831
1349095799
1108276341
-364666379
-1795671302
25884769
1370853225
1192020914
1460346831
2067081667
1981305929
798349525
263888108
740972196
649625099
-1960935600
-899253413
-1277421594
-1185481257
-1545808952
-1547795939
-525150842
422630760
1717380684
-559819656
-1302269145
1887157429
710912276
601487493
-1290517246
48735155
242185741
802099254
-1631711091
-534556447
-747832856
-1014669810
-704514857
-1306840293
24629749
90885323
-556226839
-1850567629
511813256
1930890969
-1437790992
-2037993771
-1726971980
-1545934868
1544918703
8984995
675425335
1680503932
-587411110
709097249
-1160897703
877205538
-1356608658
839876695
1087234196
1410068119
1093126302
-2009918737
-388809346
711886202
-794734105
-1201380159
-761690677
1003048726
-835751676
-1918927223
924027702
-1943753195
-1553924076
-889189963
-1459299357
795082112
-1385648560
-1895204405
1544642134
634140332
883896692
-1870476501
-948775772
1905634544
-1662179662
1185145754
-671801001
1222042079
1928603298
1057746460
-27164879
-1241006745
-776925517
138231807
-1649801158
-1899474775
-193477619
-179617317
1690171162
-486342942
1760001297
-1694531227
-487375331
-429873134
-935840429
-1316916488
158570583
-1791375042
1062751702
-959448207
-1362577014
456769234
-1938735958
66138629
-166936799
-137274774
88457084
1405623143
-2103095036
782321336
1817316540
-1962935037
735579749
1608347691
-456495913
-1852484850
1395414914
-838021891
473333981
-2124803613
-469327238
872157648
2077967342
-881385027
357860040
-1425626343
-1965942145
1179236849
-1338891344
1021587320
-2104847083
-114917786
749287974
325808910
-166609320
771211324
-1495114508
-1919616062
-374463362
-1651558994
-48247640
219618037
-1667720542
1270932833
-605519995
1414250872
-1063260482
1111784415
-1891025302
-1879746925
-1417367398
-1134813708
-1923102057
242686373
945856142
1888976289
-1518134851
960855654
-1416526162
1848320316
2071917901
1993147542
1533197349
-1102470402
748872717
67831803
-1749120510
1870003340
1319594608
-134047772
2019481240
1879053862
980573242
80472585
-154844665
-1711624174
-1950247418
-958166001
-584537242
-172181764
304908707
-1503895940
1300031588
255870696
159180536
478327803
71203835
762606412
-2064295985
-611453838
-1239614953
224569524
1374808849
-1068099154
1958276385
-1180992911
489540810
-2102916373
1809235533
85108657
-1300872620
1022379711
983017845
1614569857
-482536505
1852172507
1078816437
1510883213
1786186307
-779581567
-2097497866
-938383374
161816243
-265262778
1632546160
-1244518192
-522898640
-823065066
1046014085
451992868
1062455545
-21441091
396329635
-697991546
-167633687
370022746
1092565529
12445656
-540396752
797702912
-691557811
877206016
-954861381
-1601114955
1520146309
1485468117
-1764376003
1855517932
1877935662
-1809316053
151011924
-372536901
-383858260
-1247067007
-636548307
-1367921728
-614831104
1873914102
1976108250
951519084
-1750831661
921150420
233449695
-2123457959
1754068186
-1818527499
-1302385270
2130486098
-701862377
-1492280889
412956614
-1940757820
-382126661
1906304837
635162843
-1563042641
-227967472
-1501488916
1197782917
-1827662300
1675677215
1601695271
1750525347
926894792
-334976042
1433677543
-947988353
-470833050
474894896
182942287
-237549265
95809385
1352703068
-1280426374
338860719
1669808845
1283399018
1922499930
-938623518
495535410
476776910
1111421468
-433784119
637161720
-454693342
1555431606
1772009310
-149938543
-420285391
663066821
726585158
583104394
1631480786
1876615208
-1873292950
-419373004
-327037900
500484727
-1713122628
1600306055
1743699350
-2069649189
692211634
-1269868761
954854541
1624060097
1409404751
1943497262
-401235330
2144843364
821380495
1001332583
1871603040
-48171713
349915930
-1432977791
-114782692
-1920932221
627870372
-1690088459
1416898008
1035824372
-1097394759
-1287985867
-2011813546
-999457861
-617092812
-2128294164
-1699435552
471248929
-1246427528
83082428
1638389020
1256235726
1352422562
1446354271
1334000213
-625086636
1905625726
930811021
-1865022421
-99852256
2044754788
1336223697
2027548942
621348768
2063970787
1237937670
-1360534422
1458504410
2087086151
2143711493
-1274873107
-1650001037
-1080718428
1191590817
-1258116035
-2116631875
-1205834356
-160854401
-482003541
-1668463647
1148847821
-97012118
570024143
164712873
-740902037
736162303
-850777103
648782742
-1093942801
1623226497
1927092149
-1475794581
2034253232
-1052860696
816844432
-944647630
-218476928
-1240252780
888946485
386590497
438333993
-906610718
1206805463
1696129123
1805611131
2095469681
-1224031601
601614738
1531616374
-1591312818
1608498185
-111082464
706995873
-1907088571
765466169
-169849703
2140502204
986168080
-214708951
1061681202
-1289869618
1395496706
468589541
163280102
1160873512
-1030813072
728089463
-1105828656
-152581463
-1046960306
-231461458
582132882
-1079692160
-109375927
1405277135
-1960302857
-1061811542
589123081
-2010559271
-2003220565
1333054145
-74898985
-1350507524
-193934704
-2098038300
-1510846768
-822361746
-1811725401
1270612404
635094062
-732877222
-716721869
1399905412
1998609496
-65958367
-1464169692
726547341
-524900718
-385457647
221266664
-979510816
217093642
1722307039
987416229
2031367855
-632624142
-2056169474
1279349155
-1215851348
-300319785
-1553270110
-1419462395
342236725
-1053360998
826309271
444055342
1749939501
463116858
1926021812
-500379963
-381102515
1296079293
-717451618
-1847599397
-2050352068
-1378004193
-729071553
269509738
-1499460070
-1404117643
1274517167
1031775926
1463038397
436897246
-97476033
1558884170
-1646799317
-1748369915
-2012859201
30510925
-54445800
1884759396
2134832964
-1659633169
690288123
609461984
-1861217155
2092477374
1256232017
990793519
-987919343
-68478423
-1923561504
-886446350
-638391622
-2100164065
-1586103824
-1913299698
1609996310
678665028
-879253551
406083484
-708448767
384266692
-1283298808
-156513794
-122320604
76984443
818928122
1862753037
1319330625
872269995
692380474
870786889
914302064
-1718801437
-2098883567
-1594278647
345144300
-23992553
-895737301
-364963860
847733783
264025343
262229411
-1715666150
1825159289
-85414447
201449281
-907518314
378690215
-52379138
995738025
1431394333
257667380
-1105557360
-1128325532
2106575320
-1793890294
985790410
-2106574344
-1259773887
2137184249
-38127696
1648117650
1860234427
-1856028618
295394179
2014869657
1223081426
-1433459126
1623974061
-1504524328
-1476836349
2012228028
1221476400
-1881736175
526242030
1897456804
-1735715101
-402582763
1035638148
-450033602
494319872
-893274464
1532179467
-1725336412
-689035189
-1660138681
-1094663351
1931770504
-262819482
1652402844
-2038332487
-1159901443
136017097
-1198800353
-4440570
-839598691
-1796895080
1018481432
1890699832
-1448636794
1970145975
243472460
1876889736
653495405
2097811609
1041010991
26352583
-1589607158
429764263
2084567966
-1955541787
574326513
-1539222464
1510917422
1753385157
-1805904509
1513631892
-489573362
-680048509
-1323926970
-1760699146
-1538138645
-1236101309
2066349695
-581944825
1604890024
2002042290
-406559776
728642576
903165711
-1373694177
1505430643
-1342524857
-854704867
-1795708200
1038234044
663498082
1652253067
846214807
-1470788877
1796053996
-488650196
439709837
-616617874
1031225158
6720816
2109314848
-172678621
-729521201
1955937291
-1911524362
-2010872618
409448482
-1387260348
-678398808
887061363
360760697
513399340
-1241733844
1760985555
-2100700253
1852309785
-847522947
1750419794
-365516556
1138552389
-1762378018
1156436170
2135914933
-2043737796
515369378
652064859
16719470
635221882
648557935
-936064915
1871424986
-713050229
1625472258
1027661762
-289702882
1098330563
-1694901091
1690400193
-973736306
1533442631
-1303473869
-1072009400
1019659985
875207891
1554513227
-1000466519
685873046
1784830218
91471816
987766986
1880771016
-257367932
-201923839
-797837887
1305993353
-1152889719
-1412329364
373802964
-1444032766
-1367623177
243737360
-960167440
885253022
-518071448
1888426879
1612250483
1207360401
747497338
-956546818
598522012
-709216576
840103336
618387703
302382491
-1234956242
-2097270386
1696497128
-773232322
716373336
2039364109
1077532567
897486432
-1614216394
1541037438
1855266511
-1848447074
1461566010
1556684872
188945381
-47521404
1228719864
-998669293
-346793958
508086164
-1890724280
-1058043404
402995448
-494007053
1486775439
1008797253
-1005998533
522809977
-1426356555
864785075
1460147960
-662776918
-1691421071
1737068908
1860510356
-662618707
-587703907
1152615779
-1836310120
746161402
-1449560154
-667667344
-1623323834
-1627185818
-1912152274
1482233995
568597967
1025346900
-1380481774
-1821150572
190631623
284493862
-1315555620
-1082377378
-401393950
799259895
-201952131
-450853423
-98605845
755895712
-2073961243
1025385339
801629181
1759719026
177679322
-579009701
-809692159
-1490717503
-1274670439
-1190182737
1590030038
-1420799838
1858806674
1344211941
-304302820
-1025845252
70411790
1070338091
826051392
548766726
-1215728528
1772776630
131792454
-133305318
-1987685746
-773796873
-1261823124
-1723950911
641558935
1638604404
-2067209988
-1675728497
-1149803086
-939590825
-826491274
-919555675
-915988355
1727115046
51436877
1069557662
-405931209
1544959919
-350566371
-1961620089
-1078186009
1781681209
-1590929321
-131891000
1721584861
-1370909826
997150105
-1773598789
2080657975
-2012829706
-380904389
-198310856
901961205
-2003945101
-977080739
-850233363
1836397343
-1224336530
1580763438
749174687
1006674399
-766099116
1824144397
1072399286
-1265490392
1665882133
379164782
-1876455266
-622279508
100054964
429912615
-2011574428
-1869227189
939828620
901413546
1339444949
1979485469
1264066970
617651465
2064811256
-644139374
2057597712
558273544
-526127463
1100743201
1531105052
-1964968186
-199701671
1021852751
-1905200086
-1648470373
-1673734881
1580273874
2084871681
574295391
-1224267610
122881591
1377734934
1193656122
-1086639287
-2086973768
1214175731
-236592824
-198150292
-1183513752
-620591753
961134439
960159136
2050029087
772055330
1143455467
1571223235
-305633495
1417672644
1644532739
-856731737
-182030648
1419036698
-1838271917
-1408683342
-1452097019
2107402907
1760902656
-1089777838
826233613
-1098570504
-1034673538
1792411862
1518054050
1213362599
528701714
-1607652351
-504431027
1314434535
-1434731389
-48387106
-1151121860
-1750896517
1570258835
1253313430
-537898590
1499825465
247498870
-327933998
-1471888186
-1336106329
1088859832
-1252681449
-1520001540
856185253
-560851539
-129349415
1590172458
1777696360
427716531
