86553240
-1823961161
-1853620026
798926633
-516413015
2142396159
-1200513794
-1782449727
-596331530
-1285299650
696277557
98314942
255783364
-1369484933
-1244985677
-1054814829
-686763555
-839998199
-1450310314
745112824
1673047490
-426101971
-1629862218
-424583951
-1917748718
-637462759
-935459266
762727888
-1765177956
-913893903
-903397248
-1162250385
-1724553378
94230113
-228681031
1723677338
1885415979
-1567366048
-281625642
-1314446092
-1515257218
950849122
-742834885
1103515853
505400422
-280506102
-123636121
1772568221
-1986873743
-1354454271
2006730965
-1308542581
1596516085
2127829562
-841900723
-1244683641
1860174056
546005289
-1274446968
-540764139
-1147388837
1574468703
1603743217
-1582649038
-1131733254
2002730633
2107303969
443058612
671202390
623243457
1356190661
-1730563361
216488925
710483401
285328675
320788082
749222458
-379052341
-1065213414
577239826
1643495859
-1194391834
-1212843823
491083038
-168529358
399933531
466731027
-1179309785
86169968
-698503187
-590020127
768753337
1798826560
389900231
1556436223
2105328981
340109897
168161420
1877966231
-371949443
-1486003348
1491002440
301498766
430168226
1934611334
-103827671
-1842530932
1853476080
304994210
-1218426812
1863144362
-515732919
1712584854
16987342
-708429084
492031832
1765209647
-288137136
579598444
128802185
-675663154
1353738810
-149233308
582604639
621238464
2124932548
1789850471
-395267264
-270064993
-1197280927
-2094187148
1311686520
1811989734
1457811968
-662445862
-1140780178
-635288695
1578832936
143961375
1913718721
1687160615
1665745310
919417767
1730493155
192307944
-1681640875
956573926
-1888432222
-1353065404
-1735392217
-1719462692
-874564693
1601969917
-478586662
-833587711
1991825429
-1809298987
639540188
-772406436
-118326899
1295441825
1062647777
367612990
1489532725
1789826164
2140294331
-1675409695
-1110814802
1900379394
-658676366
-1047053469
-666684942
-455492194
1489732693
1457528485
-1760072269
197667248
-122823794
-412484788
-351855259
-336776819
616733215
1204064136
1626304330
1551155928
-1713830961
-539847524
1386779787
1438338026
-2054603342
646983096
-1375658828
-1581249265
-1777783630
372629311
1947026912
594421805
-903815057
-854684208
2086336279
1048589811
1038414562
-855358203
-1762177643
-62262821
-323585345
-604833115
965754676
564707815
-205984212
386074571
-941216571
-627968873
-1379191214
-121403619
1116823844
2128362021
-939096332
9031317
-512762453
-223575177
-164104269
1172789733
-783593478
227667559
-689462658
-820950906
-53043069
1382153890
402047477
554751683
-1198528609
1329459189
511875402
1720040078
1427783264
883333759
1142219792
1235832977
1029474764
-1689294543
1266241371
-1590630309
-1737935658
1562442633
-1236426042
2091078645
1240038329
-1406806446
-891854383
-942397734
-510212614
186700853
722737881
1725805165
-560303238
-2101642595
988142936
-1149510986
486506842
-321730423
-1721872074
1405715999
-275470342
1466123159
-668900373
-2123015913
-378781653
786209555
-467702293
935497967
1829499190
-730140529
-1218722310
-1142149332
-953279131
1895427567
938876882
-72373994
-474776816
194926976
943633547
1603403174
539234981
-849570093
-619603609
-76423173
883209018
1569522795
-1846939438
1183663349
1905859456
-233634200
-1253438295
977474224
-1970158134
-1058455393
-925306015
-532029049
1981703206
182423811
-13156815
-1362105209
-786257813
337422021
-268820245
381160506
895619139
-63836934
-305257643
452966375
-1355300909
-1270419977
-705307037
-588451489
-461522428
450029776
501633393
1547070269
269792785
1167445224
564962847
-419102018
324432752
-1787767957
-1049448296
985349710
-718253131
-1825613565
-926118544
-631693317
1940702227
-1631286633
1485578524
1436569860
-1382596920
1189426415
-629738563
-1219370913
1890029462
1737061240
2047719061
867959145
-1441049382
2104950448
472102610
930686044
-412424182
-1078549646
1548345830
696454951
-1978649571
-908009203
30867075
-1702264509
1473686435
-108963167
1858517265
1345502672
-1847022732
696339065
1895457420
-273284004
1571313593
-996199615
-650132156
-922289910
-539415195
-1753888979
-1684803463
-1357845507
710729495
629856904
-1586598126
-1258147956
-723688113
297925535
-1880341800
-871018405
-769097342
-1271102357
728009951
-486922826
-580171565
-1298316853
1587716732
-1958053401
1032212191
-509338675
-850653264
-247921154
-1109580538
2131826959
-923980758
-1727974097
247050660
236240379
-1049408138
-1136313512
480972646
-536953226
-2089604446
-1925552680
1920090325
273559588
-1114531759
1794969786
973052419
848525343
-1009889772
-1475283037
1215124117
-493397543
-103924575
624587749
-1990669390
446589302
766689637
-388755151
-1999828467
1294349043
-1490442187
-2095980302
-1608263437
1638261115
698697927
-854090292
1050277372
1723343086
-24302213
-279598587
146825546
1057656805
-1644350799
-846248489
-551471262
1245251284
-273101706
-1620694900
286791787
-871187372
2003446040
933774638
-2086235619
-1569782777
2028561800
567578572
-1468705219
-5741914
1916958388
806727057
-2072021064
-1705194116
-940949771
-787903844
100088536
1567524214
-722398152
569904421
-2002279679
382937526
-1900094160
-1635036674
-1836549636
2087848044
-1316973666
-618517830
1530559921
1556084902
957695555
1011002211
-745163564
-1093301315
1261882224
1831328441
-298577808
847075485
1391353275
-533259640
634593264
752987380
-1652139926
-558071782
716832688
451422602
-1537858660
-821207617
242186259
-1513603480
-707040973
755149888
-1155163547
-1253525319
-71747898
1416115002
52057582
-1246706488
1886217536
989075017
-1284149200
-2123862244
281657091
1131870291
1700598419
-421583659
-1329323836
-1712121456
1080495757
-1094261533
129759048
-1257000908
1638908226
