86553240
-1823961161
-1853620026
798926633
-516413015
2142396159
-1200513794
-1782449727
-596331530
-1285299650
696277557
98314942
255783364
-1369484933
-1244985677
-1054814829
-686763555
-839998199
-1450310314
745112824
1673047490
-426101971
-1629862218
-424583951
-1917748718
-637462759
-935459266
762727888
-1765177956
-913893903
-903397248
-1162250385
-1724553378
94230113
-228681031
1723677338
1885415979
-1567366048
-281625642
-1314446092
-1515257218
950849122
-742834885
1103515853
505400422
-280506102
-123636121
1772568221
-1986873743
-1354454271
2006730965
-1308542581
1596516085
2127829562
-841900723
-1244683641
1860174056
546005289
-1274446968
-540764139
-1147388837
1574468703
1603743217
-1582649038
-1131733254
2002730633
2107303969
443058612
671202390
623243457
1356190661
-1730563361
216488925
710483401
285328675
320788082
749222458
-379052341
-1065213414
577239826
1643495859
-1194391834
-1212843823
491083038
-168529358
399933531
466731027
-1179309785
86169968
-698503187
-590020127
768753337
1798826560
389900231
1556436223
2105328981
340109897
168161420
1877966231
-371949443
-1486003348
1491002440
301498766
430168226
1934611334
-103827671
-1842530932
1853476080
304994210
-1218426812
1863144362
-515732919
1712584854
16987342
-708429084
492031832
1765209647
-288137136
579598444
128802185
-675663154
1353738810
-149233308
582604639
621238464
2124932548
1789850471
-395267264
-270064993
-1197280927
-2094187148
1311686520
1811989734
1457811968
-662445862
-1140780178
-635288695
1578832936
143961375
1913718721
1687160615
1665745310
919417767
1730493155
192307944
-1681640875
956573926
-1888432222
-1353065404
-1735392217
-1719462692
-874564693
1601969917
-478586662
-833587711
1991825429
-1809298987
639540188
-772406436
-118326899
1295441825
1062647777
367612990
1489532725
1789826164
2140294331
-1675409695
-1110814802
1900379394
-658676366
-1047053469
-666684942
-455492194
1489732693
1457528485
-1760072269
197667248
-122823794
-412484788
-351855259
-336776819
616733215
1204064136
1626304330
1551155928
-1713830961
-539847524
1386779787
1438338026
-2054603342
646983096
-1375658828
-1581249265
-1777783630
372629311
1947026912
594421805
-903815057
-854684208
2086336279
1048589811
1038414562
-855358203
-1762177643
-62262821
-323585345
-604833115
965754676
564707815
-205984212
386074571
-941216571
-627968873
-1379191214
-121403619
1116823844
2128362021
-939096332
9031317
-512762453
-223575177
-164104269
1172789733
-783593478
227667559
-689462658
-820950906
-53043069
1382153890
402047477
554751683
-1198528609
1329459189
511875402
1720040078
1427783264
883333759
1142219792
1235832977
1029474764
-1689294543
1266241371
-1590630309
-1737935658
1562442633
-1236426042
2091078645
1240038329
-1406806446
-891854383
-942397734
-510212614
186700853
722737881
1725805165
-560303238
-2101642595
988142936
-1149510986
486506842
-321730423
-1721872074
1405715999
-275470342
1466123159
-668900373
-2123015913
-378781653
786209555
-467702293
935497967
1829499190
-730140529
-1218722310
-1142149332
-953279131
1895427567
938876882
-72373994
-474776816
194926976
943633547
1603403174
539234981
-849570093
-619603609
-76423173
883209018
1569522795
-1846939438
1183663349
1905859456
-233634200
-1253438295
977474224
-1970158134
-1058455393
-925306015
-532029049
1981703206
182423811
-13156815
-1362105209
-786257813
337422021
-268820245
381160506
895619139
-63836934
-305257643
452966375
-1355300909
-1270419977
-705307037
-588451489
-461522428
450029776
501633393
1547070269
269792785
1167445224
564962847
-419102018
324432752
-1787767957
-1049448296
985349710
-718253131
-1825613565
-926118544
-631693317
1940702227
-1631286633
1485578524
1436569860
-1382596920
1189426415
-629738563
-1219370913
1890029462
1737061240
2047719061
867959145
-1441049382
2104950448
472102610
930686044
-412424182
-1078549646
1548345830
696454951
-1978649571
-908009203
30867075
-1702264509
1473686435
-108963167
1858517265
1345502672
-1847022732
696339065
1895457420
-273284004
1571313593
-996199615
-650132156
-922289910
-539415195
-1753888979
-1684803463
-1357845507
710729495
629856904
-1586598126
-1258147956
-723688113
297925535
-1880341800
-871018405
-769097342
-1271102357
728009951
-486922826
-580171565
-1298316853
1587716732
-1958053401
1032212191
-509338675
-850653264
-247921154
-1109580538
2131826959
-923980758
-1727974097
247050660
236240379
-1049408138
-1136313512
480972646
-536953226
-2089604446
-1925552680
1920090325
273559588
-1114531759
1794969786
973052419
848525343
-1009889772
-1475283037
1215124117
-493397543
-103924575
624587749
-1990669390
446589302
766689637
-388755151
-1999828467
1294349043
-1490442187
-2095980302
-1608263437
1638261115
698697927
-854090292
1050277372
1723343086
-24302213
-279598587
146825546
1057656805
-1644350799
-846248489
-551471262
1245251284
-273101706
-1620694900
286791787
-871187372
2003446040
933774638
-2086235619
-1569782777
2028561800
567578572
-1468705219
-5741914
1916958388
806727057
-2072021064
-1705194116
-940949771
-787903844
100088536
1567524214
-722398152
569904421
-2002279679
382937526
-1900094160
-1635036674
-1836549636
2087848044
-1316973666
-618517830
1530559921
1556084902
957695555
1011002211
-745163564
-1093301315
1261882224
1831328441
-298577808
847075485
1391353275
-533259640
634593264
752987380
-1652139926
-558071782
716832688
451422602
-1537858660
-821207617
242186259
-1513603480
-707040973
755149888
-1155163547
-1253525319
-71747898
1416115002
52057582
-1246706488
1886217536
989075017
-1284149200
-2123862244
281657091
1131870291
1700598419
-421583659
-1329323836
-1712121456
1080495757
-1094261533
129759048
-1257000908
1638908226
85023345
-1736865481
-1771824518
1047614860
-921207631
965446792
821812846
433732449
-1389536505
-1680647903
-1653276072
1719768317
-189037800
-1962282901
-1379603796
-655035254
-862918064
1609224166
-2020591305
-1859659860
454532182
-1701662478
874804730
975188241
1800288378
-373367650
-1228920526
110513922
-681167864
-1510119910
1665809871
-772120490
-287453210
1685372831
-2146659161
1917928172
1023054604
1606919422
-22492298
-679133880
-1261511855
1249733103
-1295361048
132856939
-554836825
197249896
-638804455
-1570131957
-552962713
-482179788
1141799325
1634169986
-715762343
1646199131
118020844
485859924
1651276638
-421096217
-1042827570
-104601538
1618296035
1749108924
-1505548443
749291335
1169541412
1922713806
467955537
-515033610
842251059
-177634588
-634549679
1167440595
615012020
186387793
1903439221
-1414111239
-197098360
1800323012
-1217100865
739425246
383464169
1614673036
7090891
-1410560649
-1485737015
-494621414
1848572621
1667122015
-1379954444
-430775194
-2041359595
-1090047242
2030836674
-1671177693
-1902642759
-1373168498
-412817818
1926625016
28936746
765424878
-1203140361
1447264112
-1886121720
-973150177
808353370
1509417139
-157607584
741622654
1857632723
-1084687201
1241373478
-340635408
-752625656
-1625250338
-162854628
2093233151
-211168277
1983674369
-663993393
1197643858
275324481
-1479094076
411212179
96260703
-947996979
124204282
-1262196819
756054665
-1897441521
-1172503067
2045760042
-92247738
1879887255
29339433
2011387088
-1903180571
-1628230897
630775399
-1938986424
-1301379162
144492421
1358439659
1708564372
-2065840905
-1972259677
-53324798
-139899105
-609033549
-1323827595
344602386
-1103321355
-848820211
-1751237784
2017282038
-1376033246
141040734
-580777262
-1500876172
-1603241174
1561987635
410505810
-1899484509
885015190
-405331455
2115827355
-648954206
2066510669
664127160
-63706478
-1199649436
-725405475
1123293680
-1910090127
-348543360
-198882746
-5369774
941521722
1819326948
-767482958
1272125445
-1321125923
716475851
-281802314
-1714785088
-888411039
-1069526884
236678379
-559277920
-701686124
197649750
-625316595
-1877072886
1164278330
641438986
1547186744
1005009296
76657223
-808464727
-664545492
759700846
999694894
1993917161
553756953
1798305045
648124724
724139074
690914228
-152061240
-211737176
-1189590459
64124684
2109527761
-870858269
-177801280
771415911
512422625
98280500
1465807608
1971537032
2086270212
1110633025
-210983304
661646535
-631711916
-270210367
-572341890
-1874801732
-1140401770
1024752029
1747124206
1720593638
737708820
129936206
1958704753
-1635782629
-1826585636
285145765
557198507
-644693759
988462536
1262672471
1691680058
-1350340617
-57459501
205176
-761252067
-1806933499
-1840257071
-542089082
-774891707
-1284286584
-1781735304
1626207364
-155467394
682154451
1646807725
1502829198
-1691667392
292218209
1670068900
-881901996
-1697585756
-1899772374
1293196913
83449973
-389721353
-429808147
-638547645
-1420998990
2134866488
-2063825725
324256735
1822465693
124899744
1735230254
-982000196
-1962955828
-987866698
-1531302525
4380849
-473981859
-2015128362
-1966353635
1537727681
-1333225988
1391827654
1284219418
-141784665
-628036832
639010806
-73956947
-1565468809
-448463559
-1491164147
278310797
797448965
-1930629636
1256663633
238720098
-2120227503
1550955849
649417528
1930570064
-133751049
-574980305
-1851439835
-828731643
-1353393732
-1731750466
950710790
996490903
2105824553
712950581
721545385
830243422
-536817085
-1933228062
1555100283
-808619519
1272933129
-985483487
-1285546525
602598440
-1272008548
-1501605733
-1329823284
-121855246
-485803390
2077390779
-1659363774
1903247081
1193288992
1822996077
-1987069845
1785675372
-354808943
1833659328
2009119262
-539137982
-424072920
166562568
1222581520
-45354931
-1581099200
818396773
255801771
-1828757977
215391300
421826382
-390468855
1332532160
-1099145900
-1885909884
-1740919254
-1411472786
-1334617016
1346156898
-325436383
-481949570
-1301930812
714869839
853618351
911883052
709838035
-764164756
-1107032794
1649374416
355783710
1032545510
-998582014
-1663770193
1396130522
-494211925
1987200094
-455497801
-946486477
-783813623
-1886726859
-893858717
1569521499
228872881
-525618084
-2144878717
535656739
1762747835
-886493811
-1605182383
-1049503740
-2078303309
1610118159
-1476702795
-597227352
1781680391
-1964547224
230716657
-1820194083
1466622761
-1025254778
1913181926
-1864057495
-1830081171
94962238
-1704825468
507846902
922658479
-74762320
1679664948
1240271494
-90966755
-1196592821
916676242
1145480372
-86156800
-274149840
-1170032025
-657855200
1423075591
1011031268
-904649371
-762987309
633640251
-902037368
-275439417
358064746
-1336303525
884609334
1516231786
-991279511
1613006337
-610473771
-1079047686
-1713462095
805318180
478617331
-2012345089
-472095554
1589785295
369751307
2103890821
1137106687
-638183015
-1987271136
-1336801964
2144214207
858366545
-1400177040
1437606660
1496918832
-1662558309
109708744
1587367471
725868612
1323897949
-118107677
490914624
1015229452
-1840276744
70394692
1639452052
-1659412517
-712553058
-1119135997
-1121878377
900246955
-1418674765
-173064832
-120744704
-727771818
1105034818
197624217
-979338201
-71495036
1171648834
381956490
-2131498557
-1809915955
-541377670
1001086388
-1556393507
-1987337031
1941476055
-1476930724
-1130075191
-1261808191
-1862529961
-290593082
-2141799356
876017754
-1992196288
-801301613
-15389477
1551360786
1552918289
1509206617
-569864503
701227301
1185685994
-848570190
2066645294
572634984
903299604
1279742220
1958181500
1476302674
1673302329
-1826447162
99100202
911162508
1326338486
-2017613035
1750405842
1846944997
1406513877
1575710327
168279729
1544782684
-991274485
200954622
-773199851
1506685974
-1521111069
193089580
1525132150
-105532804
-507393374
-1070267734
925801618
456597824
-413169290
-764727146
-1767776598
1503731666
139843017
-1148693203
682128177
-1262817786
-800344567
-906517676
1349810343
1280785790
-2127910922
215850100
-1704111100
-270463664
285183764
1637073194
-762876270
736622063
480947200
-892879429
1707533710
-1767958665
1844702064
-1106753839
-1533455866
-158072985
1488005781
-1891794155
-537209103
1489779695
359718216
-1219618497
1518814124
-1183342456
924075955
1432263420
2068826772
1137720548
-1652632120
1658508756
678414092
-1312812377
-682481962
811369787
-2037637692
230842763
-1951870034
-535232057
-1676079343
-127659223
-88190205
488511289
-1406091078
1825087255
-1076719631
-989520993
636979381
1971228288
-1284579883
-1306574924
299556072
-1275725975
-2055106694
251257877
-1998087113
1851101036
589201180
-344388240
516848772
-335705488
-213039206
-1766683757
1399915257
1843446973
566976049
2120528867
-619810508
434220130
812631494
-1487367012
1998654488
-1251566801
808480031
-1378631167
712813016
984993027
-1289600096
-1415132110
-868222611
1429691742
-1403357387
-1111130033
-2054533875
-1253919833
-490512424
2072392423
-577938959
728882397
605116372
717060235
1179346546
-181855762
195880872
908657313
-1379323097
-880028526
-524179842
1050896625
1183334790
1289573955
-9354472
-1369218056
1308779239
-788818606
2145122930
-2132723824
-1180609118
465266079
-1322216990
-621332339
891669961
710390176
-2011075877
-186280999
1125522142
-1030206887
-1427969266
-127286489
761982090
171992439
2112436349
-2043133189
-2006107057
2029320320
-1524971952
-1319848402
1960504898
-263966443
726011362
-105600039
-88251196
-135142831
-318867196
1017677418
1165764298
657658795
1605849557
-1335809865
1464981466
788025430
1128109959
-1357696273
-1061935906
-357741534
-1444941041
-1164417293
107063457
-1980581137
1660333159
1858865468
-1711671718
212848401
1121080589
-2094610531
-800485176
-1478709292
2082027430
-1318206295
-843421408
848886369
-1604219508
-174244246
-1705387431
-1002490037
-866886169
-1730828109
-968759341
-1865022320
-742303543
373185813
1677587209
638672699
2147337380
-104869094
702437187
-1215380916
-1430908192
587410157
235890793
-1244747097
1355288518
393635076
-1584428010
1224594509
1106334625
-538279359
-415174260
1311533185
-1087330494
-1834831190
-513376830
-1030252538
209110275
-2049246013
-156469258
-482084130
1457781945
1643836124
-851068860
840224209
-2041436228
324339181
-161718882
456798829
1853179180
1045821678
838299585
-2136941491
1479151915
1314367354
244276371
1181678760
118147242
-978077715
-500892897
1655930359
-1204335112
692887760
1394960691
5169049
-402056191
-245835087
833532114
1525840474
-2028376951
1983998135
2095795007
1757022272
-1880009610
-2131542223
2096410835
-932769924
719447873
1281963657
-2112502643
388511599
221578096
323516799
-1027228808
540932363
-943266117
-663929814
159352291
2023824061
223993916
-2014129794
943988144
1480661831
-1830296921
1356610441
-1008788998
834856196
1619335879
402743613
1938618067
-1888627178
-556425988
-1044313471
-1395529553
-1697960110
1344829487
-780773128
-523639593
-1754600701
-551600151
-2093363555
-2043977299
1113572886
-1490829974
-1168676831
628865034
1298549467
-183371899
1888660002
1268243290
1242034568
985529870
415016370
1887783952
-1114451624
-1825775889
1659416524
-34965544
730411865
-1043091100
427378341
-1271047680
-1206457839
1041213947
-2004615320
-349732904
935745339
-738885407
-1653176252
-513553783
681892376
-58870626
1195650759
-300874512
-208182929
-656812412
2039200355
-1282558825
267008380
-462313382
-1922778928
937220957
1178693719
-1557976939
1366296335
-1891712101
-1261785702
-2087712058
163336680
-1775849997
1231147589
-329441732
-627086554
928076182
-1854071457
288299112
-2060376349
-521768383
-1906740034
609040133
872133114
2122038684
-1189222392
-999018471
-705894098
856490582
533146414
1946813974
1020717565
-1350949757
-77906814
963682085
-1338842584
442313085
-224259059
-2119128263
-1021757339
-51698319
-1873291185
-2029425735
-1384877560
1731212385
1010051204
-958517074
-1831229184
-458499164
1024851855
-111760955
-814406179
-1537165946
2006777184
-1068913863
-1580013212
-1909420869
1634267277
349125168
2131598042
1704887428
1684625362
-637186992
-1589015189
-2094964304
149996165
1057650507
-1474421279
786136796
211234553
466186389
-713473053
869884067
1890150982
887627120
-97710509
-2056569156
109355011
-66637299
1985097146
1347642237
-1420311626
2094886248
-2011305007
-1767510204
1707617850
-1208566163
-559283439
1877014142
1938868033
2091570689
1327758859
1827196520
169359203
1245643530
381282006
-1560877195
-2040093366
-744257304
-1686411018
224757980
-244042687
1924823976
-2125099582
1587582238
-2086710559
-361753337
-1906324524
611115990
-1611777608
-1332209297
-1456262442
-805065969
1684724576
-998736373
943544847
-511884378
323849669
1480903261
-832665793
1133681785
-1618169889
1866436960
271245739
-749465763
-63679197
-2105172261
-183589923
-2026949868
1043696826
1609835100
-166486697
-1772975310
-1651424825
1112639825
289276675
-2125123361
-1997390393
-1482350288
-242893019
-803373038
2098277410
1968292702
349859312
239478896
-876375814
582782885
-1217769038
-985133092
1051115360
861515278
1159231517
2128120396
2103795733
852915741
-2084338465
39303336
46832164
1474046290
1882284931
1429303318
1846689266
274106678
549337038
1861371726
1342940066
-1876023706
1725577879
-401105364
-748186197
1053280961
-1103629797
1115273398
-1159403573
2083112071
-382279089
-180274616
805454656
633355602
-1472360240
-529705880
1459627062
-807543993
-1518754393
1025993081
1795876505
-836961204
-1857584946
738733137
1092721858
-78649846
-59550699
-1906269575
-1386999775
1497647677
-1984939859
-1026933905
359543907
-2011684403
1576418141
-257810622
1100186135
1519877955
710508137
577631804
427902854
5998047
811417137
2049065914
-953064805
-1277547952
533520617
-1886047791
95301893
633491237
-241274750
-33792641
387214694
1617938978
-1320706605
-1232446238
1010658796
-131039034
-1443871056
-1194185724
-1190565731
-1586197912
1468145019
742198303
-621043933
-1312225045
701231876
458704406
1136835829
-440120230
-488609080
1593303194
-1927110677
-1067288641
336012162
1049619996
-1932139916
1722354864
-908239811
-1173851165
-208216267
1226382339
1334001239
1498528427
338964115
-1824959207
1906962398
2059354066
1799338701
-784717852
1407541838
297122777
124250554
2094493528
237323639
1320192620
-485117998
1800269950
-1122740953
-1267804576
1874226510
-1544371628
-1394260845
136224161
-321141322
1491745089
832213557
799809671
-687681262
-22585498
1553770204
-961140301
-877381277
1447267545
-1680396851
-2013668783
-2011554818
516130863
-1609458232
-302530336
-1280297969
147078816
2118326465
-835174513
-1727926341
-963607429
1423881647
-1020044032
-1055168050
1556024285
-1964934205
1066043558
-867243648
-2059776546
-414846573
-1887379122
1374544475
784664790
883229473
1053017034
1469880271
1946267342
1591941599
1076473556
1485826878
-483549093
-602660227
1189565543
429493208
-784134863
1631535657
1286777636
711020774
218605311
565660671
-2108172395
1614978383
-1914293084
958214077
468617986
62399974
1135483063
-925027091
-73820173
-2120971148
1776223874
673110577
1996984355
-606349350
518459825
-201913683
-95568683
-1859007547
-1621451723
-1446514841
1712569761
-1912868539
917052958
-1373348800
-1541806719
-213306862
-287341108
-1333070367
1072295677
225487209
1612941516
1465586778
-244810974
-1302978512
1031110028
-1324464590
-862189012
-696278485
-883841709
1303994788
-1882666908
85110466
1091507708
-528303848
1338429567
-1960814453
-302185098
1652300455
-1274827121
-92599238
-1077493606
-1660517330
735607171
1342679746
1755501237
-575104091
-237419496
1070577765
-1393670076
219779355
865934823
-1420520859
-226069805
-1391446418
-1498396013
2055950151
-243101136
-686502287
-549171959
-2017748190
-949332473
183255015
1972441306
1990101590
1717659694
987602793
-381802118
-804363114
-1488844812
1276336306
1423196225
-2080699571
-241310238
493494173
2069956329
-1001563924
989450524
1298433576
-1328450889
806090619
-1401809208
-651259150
1622370114
2047941765
-976817390
-1779423725
1601335343
1148636134
1310959637
947342590
-730724971
1918221091
-1247484304
-1573145177
-841366907
-384820463
-223378430
236854462
469985402
-1818125510
392385734
-1774388902
317852803
-1209630375
794278153
-458283275
-1432009088
-418609340
-1927498845
149347131
-67692926
1556901040
735894122
-1443808130
142230055
1505586163
1367084825
-1287211720
-1759473699
-1450014013
1261973997
1939576966
724320574
1972451340
1855876308
-2092428391
534521002
-680262862
-833292483
-213347625
-38052887
-468135952
2112243139
1071123020
2134248742
403440205
1728345615
-36275395
-1669476974
-1217376614
697479248
-1765940684
1478731454
92570499
-1666607596
-1802206262
-755631725
1875054050
494643218
1553745401
-1170456889
1110120164
-1965467650
-2005731103
483600723
1556305764
-762798750
1245410258
116839993
39354148
-1886104919
1713498331
275871630
-202887776
656153438
757754182
632134390
-1618824624
-1384286351
102821847
60745639
363607984
800090509
-1163983238
-409197893
1409836974
382137213
1154507534
1173814376
1649410433
931021117
-1642127370
-817594924
162761943
-100208788
454327315
444508252
2132504405
2007789973
1125245604
1607642279
1812023221
1394728742
865848394
1317223918
-931319459
-338731832
-1561285094
-447129621
-1421147216
844547980
-1083873178
-1729596719
-1650288514
1522958243
1086236247
207022091
-1881167148
119970412
579273556
-1589955410
-1268810671
-356440617
-2084933196
-280730143
-1497201960
201092628
571497371
-82416285
1037599982
1307636199
1896164437
1733529445
1992480206
1175296216
156265238
2105299421
-1049298595
1604105272
912480850
1196206050
406875486
2007941293
-1497965554
1809351355
-1829799025
-2132297981
847001303
1289925764
1989364586
557312103
507715966
-1700003517
1512884866
1731660304
1425588358
1778104551
-1212350743
1918850926
-99106669
2029263017
-443499042
-2114238059
-1587384621
566992052
-663499309
1814065496
769975948
1607044007
114169621
250134385
2136853829
-1720852451
-2093731401
1253333317
-1640345363
-1210139690
1242399967
1536067404
664905944
-485102037
367590865
102056639
-907371645
1087819627
1880799510
2115305325
1867859453
-282079538
602970253
633148829
533765691
-144724240
-1232202879
-693385193
1975539494
-1257792836
1597836251
195791766
-941738771
348473886
-1334166423
1920809214
1240112784
-150994942
-3782851
1875890303
487458102
-1339503814
1949350114
-2046010213
-1296417851
-20171642
-885842963
713299421
1270088617
-605448511
509918639
2126199442
-1287025055
-362935707
-1791699812
-480330717
-1547260442
653588232
-1332328366
-240913011
-691596446
954994156
1384934189
758350251
-333188241
653914611
-1530915267
1444078424
1340987668
167698838
283556091
1467944376
123375348
-1205355623
320670756
-11182563
2145870696
1468734448
-1721709963
2038692965
-2037148069
-2000010626
262950995
455744102
7200990
1084628764
720852682
-11690882
-2063336266
607085007
110321179
2092666684
-943785103
-1913579389
-394308611
-384011320
172150983
-1411671025
2007768017
116601244
1872735462
1574846200
1498021516
-1808168062
298510656
1357752675
788654077
-2008510721
-151898874
2040430693
-949752187
-1437392422
-311339285
-1096817079
1822873836
1118500724
-458840673
-1478686457
-1896424155
-547483736
611693102
922203070
-960204105
-1304078154
335323514
34575309
738265181
605258885
-83745821
1461464519
-1940364719
1383419293
-1518932277
687427373
1503551886
964420853
-1554505288
-1526364026
-460310953
-1024007405
-1982785679
-189178583
1938125034
-693858855
-594298700
652920768
1005882008
-261205886
-1618834258
-532910630
-697799548
2128811695
-1881372458
498757358
-747147390
-29910492
-714110941
523339304
-1094487385
-682652573
-1379253437
1142281442
618923361
973637627
-1725137858
623631672
-1000122538
375796463
1778092738
1390675364
713964367
-1733149167
-958554526
1591678518
1812986740
-381023405
-1913740190
-1802805676
572700214
592039668
1376385338
-1321750882
2034128577
-1845557415
-12072048
550334836
1015663401
1739729826
768948949
1704015995
1361920170
1700159792
-1817313484
-245145300
-334109916
-1842587453
-533659530
-359200378
620186530
197377162
256650700
605941452
1677410764
344315733
634453899
1721719774
2057192473
-1860820891
-1727901975
-1026464317
1920846999
390569083
560431481
-1582612307
735350126
-964613142
860882185
-407548196
-1897166325
2114948782
-1066820452
138968555
-458375260
-254659091
602080709
-2000451572
-10390702
1166682519
476430436
-997019975
977106558
83839557
-1400876512
801042326
1667776226
1271078533
1856893489
-1703655593
933166400
-1668569051
131307831
98164739
-305892010
1869186881
-1744771252
-18490215
1293172011
-427971708
-1489599704
862711047
1527104257
-1085526176
214844278
-1233901711
-18212827
-398832992
1105395390
-1160136014
-1693389193
-169701963
120438957
1695934747
-1347410028
292021622
1340897990
-1005291687
-1559237774
-1000147935
2038751023
-1182066684
-934883528
-1268284594
-824199462
165290138
-1810852576
-1876844624
1641156272
-495794109
1560469283
36254091
-123236314
1195590305
1961466741
790211138
1764587142
-109045633
-1799829211
444691395
-393743967
1768027963
1982586511
1370019623
551544449
-1776119190
-556541879
1756885456
825730176
-1914881410
-284591928
-1111513377
-1173797459
-1058817089
-318613069
1002841895
1185928376
-1618815385
-1020238082
-379348412
977977180
1333246596
-1647889284
1644001176
380863107
-5674747
511670126
-503148449
-1806408552
-357087622
704767599
594626225
1494745977
890173268
1663740495
377730546
-588266999
1903876833
197730594
47269001
-615713204
1439724547
-1039764957
850418257
1352388933
-1131106105
295765041
1949851318
1835208433
116616536
-2118903520
-1113258064
480830103
-243946807
-2101411490
812519824
25600677
-1254642580
-257191069
-613823444
1711096191
1643582855
-1983231997
2024596119
1605378463
314516125
-1531017972
340784445
1463527760
1126705958
2074164935
-1521679510
-1943528787
921767721
1549317345
-1171354148
-1213318407
1670245933
1299413824
1725743955
2103168403
1793512820
-186391410
775239719
-1851582506
959421309
-7867853
-1397436597
-40370061
1259130394
656078071
-529957023
1451461121
-1452237639
-1438131885
-668269992
-299971937
1251282967
-2100465095
665089991
-197092342
-546782884
714964584
-692766775
1690029351
516483891
946435780
394389884
-1929682713
-174618747
-989693442
1921541918
766172419
-78986890
303056395
-11620481
127011463
813807594
1226931498
1363511630
-1068598378
1048489964
1414930249
459009450
1829331763
1979809786
-1868464545
-659387917
-2083002944
1496186162
-713408437
-1503406294
-1694023532
380300904
2048520072
-1250006173
499008620
1651395176
-1283197734
652721758
-1242450276
-249781734
1950585250
-423789524
1098144771
1010981209
-1066379571
-2093141013
-289852306
-185947993
1928140362
1831575134
1819306420
-1886419869
588668555
-877174207
-2121376410
2066021879
511355191
-104016359
2095407598
-238241971
-584391819
448221056
1717379228
-1054066189
-2003106056
-824558085
809767485
-1856888326
-34739420
-1593246471
2071228746
626424217
-283984893
-1943589909
-1037355649
-1095292826
1031864387
1797050566
-16988106
-635532370
408886883
-38326492
66413280
1557265621
-265290519
1885608473
-900106707
1323855667
-23264976
-12500608
1547827464
-1251953730
-661695808
1087963175
366256074
1468387985
1730312850
-1373788466
-1078705825
108994923
-316325930
49866592
-674958921
-682164133
-1407602348
1146352254
1577433763
-1991874662
1630878395
-1850175621
1005714786
129276121
1445219574
-146733178
1376745450
536137327
-163817930
1674945397
689042483
915063388
-707606765
965674419
-1688402489
-1162338580
356636977
-1852485523
559344467
-1479559437
1318781587
973495804
-1218997270
-1199552318
1793553734
1727840970
1264282937
1128418969
-1828208089
116519270
-365798085
-37100584
130981200
342441735
-282973526
-1349367715
-342634245
928471813
7226189
-224451743
1607080386
-537978573
-2143855412
-1821768873
-575391689
-802193556
-1315833268
766538988
-434746591
-1398141588
-1788127330
1136653423
35756007
-1560089492
963633090
-642930213
-182274871
886968990
1554732538
-1872118727
1681363436
1245026753
1398509426
-1710599421
-1923552986
1929932370
-135282665
1083877664
556877694
267522757
1994492648
1795866275
-559398911
2117826635
246024712
1966305232
-1527853888
-329468819
-281590770
-341824976
-1285776163
-945605277
1128774932
-159501177
-455603909
-262872918
-1613782707
-1024357356
-82043389
668729141
1226406865
-1111099475
-1883579752
-1521850636
-31634319
-1946355746
603302842
9187315
-154488986
682876743
-347908543
-1468231436
1831399108
-1234625717
-1649901525
1975657924
-1387279880
1907566580
-1239349480
-1672619301
-366342353
-1937021067
1007634028
-6301881
-567967934
-426780196
-897981982
-543191172
-466016293
145365496
-2141865532
-106089559
1345485721
-1408556093
-1668433673
552177866
862015221
-452347222
-359633838
-579368207
1350398631
382730705
1468903091
2097717357
1055017739
1032995791
-970958821
-2052869101
444904184
83941831
-353448152
664316075
-828135791
980360937
1545175997
717601775
1092212680
1323964253
188421289
962015232
1147906341
-97559842
1772146734
214689495
877723956
-1499494263
2102345694
-1863430367
-385043541
-1588935727
1300404473
2139547955
112729192
-623039560
-1969259455
1754252711
-691571156
-909071283
903648105
285645963
-1173926032
1384632260
1394265756
-472350365
-360023913
707462375
395049611
-2059283132
-2026735124
-725373511
361369716
-2041983005
-1050387802
161959941
1908286594
1593026226
186775689
-1053845185
598212525
1061959258
-133433020
534964278
-252900810
-213352885
-1107422041
602880890
1248323511
-1629840446
-1369586422
1985114979
1849594384
661535503
1529230987
-1676707595
-1975366133
714332675
-874342861
1032930335
-932220676
1811943611
677738882
2123185780
-778417110
-1457990302
-115368769
814215924
-1413897492
-546547777
1686649248
1612738543
-361545485
-2129444652
1029677049
-240486778
233835920
-922004052
1802811522
-1972918757
1561007702
-347792453
838125557
681955280
-1208748509
1508792455
-2077650870
-621503011
1582242220
-798072890
370155451
-1282083468
-237709818
833657158
425100055
1623096808
-733350162
-1330682774
-1208445918
1413626685
881557200
23192746
-466365785
-841441297
847668823
-887330730
27423720
-1127322480
-1362658818
-813324582
1923041000
-203161971
2107778475
-1729691080
-1105524385
315020037
-294048331
-380152849
-868051782
484376732
-1992424138
-2093495406
1752279541
560977159
-69231016
1974215444
-1895863217
2124257262
-1298020658
1633474229
-342721756
987071676
-1231001707
-1948571828
-331055862
1949195042
1060156848
306803284
-2089746592
1111825988
359414414
811866361
-1752864246
-1272158507
1068968301
1865919464
202323823
2117542523
2048956715
1943043901
1726872121
1838569239
-859208202
-751239134
-955079629
1051019557
342228520
-1334043442
-1295961206
1810175831
-742117799
-60197150
-392430188
-1472020587
530485071
1133023185
1528523400
1000429699
-2016464034
-1732880236
-2047352221
224569436
483334434
-1219252398
-1751842734
-736119015
1015246789
-1143369092
-1519098211
-1713418473
-975334100
-864834196
-2104221471
592897245
53226354
-913675393
-957070305
-680025431
-544353327
-460851081
1315945376
517395238
1833571348
-396560827
-230453661
-1555988145
-1287566530
477659109
-1159488694
-22469474
1299085218
1242925060
421211356
-549419525
-683124474
413596034
433532646
1303032343
-112089571
-846785212
-1390134767
885435759
-997936241
-1302376973
2027007160
-1853273515
-58520384
-1496329798
1080427754
-921870616
-1224597486
-1629732677
-1776367954
688547658
-2105837465
1305777841
992394961
1601471373
-1365410866
-347465760
-1138765839
-778540654
-572300668
-1379587975
-1716640956
1866520820
747365255
-1253090627
945274717
381861709
-1250531075
1884813973
-103863825
-2007745487
162740859
-1994655185
-972011133
-401146353
1107439653
-1527546110
-885775464
652922117
2106640653
-890371215
586658031
2073770401
-850317338
1526568845
1116405052
-1317102633
1848161043
654063199
-243278410
-2115568845
1053210317
544198451
-1553010174
-2141764638
-427375430
242172325
1472649477
-1927080989
-698481570
-1145415022
-913169145
1401940697
-1039147239
-367267675
-1365164048
-1772109113
397596318
-632311624
1553118462
-1026811708
-1620611967
-1778576512
335038992
1031597790
-1233735263
393391062
872857091
-1689425420
1627771469
-1844844909
-2094132616
13623427
-244800993
1488069635
1837395569
-807272778
-535505248
2031473505
-711585199
195189341
139184694
-786191249
-1315142073
1362995096
893318527
-224141690
-1639900647
589751728
134157943
1002177606
90850686
-1836025578
-1781366481
-292939859
726977159
-2146430710
-1966264424
243042990
1483130527
-1698667519
-938292336
-144070653
1998509787
2016286311
19262594
631229826
1300268139
1516859873
-1300271894
1290125605
650724150
-1207135789
2070315949
1720367570
401541028
-15643311
-1361066701
-1390426524
1997621607
-1307541293
1163368734
244580172
292807819
172541229
-867758121
1952530547
-2094456680
-797896481
-494304551
1992783902
1842724152
1636863843
-517056362
585751575
-771011260
-294838124
-467566173
-1267085585
-854572158
1823956707
726274734
535008179
1826869681
-1097569925
903144144
-42589451
-75109116
-670517898
912638433
1824704777
-1761344506
-1181299033
-1950712435
-1387940544
148611262
-1132051498
-498316711
373419087
78511832
855443623
636600596
-843567020
937376426
1304753407
253849307
-1483550735
1335637164
109359012
734241897
-500245337
-1067163350
-1944242239
-419235023
1324515128
-1981912029
-471336891
1001790536
69520349
-1877230345
-1097899465
1415398264
916240165
1213123872
293292734
12721372
1340424972
833144387
-1289756418
-843623135
947973366
-1442458451
425290322
-245899974
143031104
1048315410
423214324
-1696800123
-1986287040
-1158723932
1288312959
267850460
-2087791004
1550393345
893587969
325512244
277339647
-1013600925
2036247699
-702931518
-1332958079
1991682395
479649183
-1944727391
2029463068
1909922223
1697879864
-1348784521
108382769
-1411417327
-107604939
1010714051
1542339905
858540230
2054033978
1427742426
1383493639
1179909757
587806417
1464384996
-1964210220
-1158061573
1638109991
-1957487633
38831991
613283461
799739906
-1298120595
445591445
-1178067974
-165784912
-513723388
-236379130
2114804913
1445812833
-2075645431
-181522920
-994593441
195281054
1399339837
-1877911227
-1144249471
-361850429
-1122873548
602361453
-1533899665
664341904
-897680953
616396241
1140570933
-1154859720
-500771518
-569470943
208816866
1044501713
-1931818045
1849860021
1208790043
1764880105
692478752
-1011918874
1342520010
2130361040
-1896598284
-1597754162
-508572716
-640676705
1412782849
558668011
986930314
828585774
447380419
1415959910
1931197476
1463860977
-1585167833
-1558737287
-638882351
817569801
-686661190
-450712289
1001517929
1812062569
171150752
-1492609850
695161016
-117875464
517874357
-175542362
-977042265
-658357749
-339978214
354344964
-680295028
-1257139917
1047735256
1935533345
1858794864
-1817050822
764630893
550921453
561306652
-1096174554
1541198649
-1423720092
356394577
1425694372
-1616525266
212483111
898127599
-1159974355
-844181492
-443233377
-1502119522
819144029
671266595
148679299
857367379
-1428858777
857727685
-1603267248
1570329458
524451333
1025204296
1390489333
63641338
-444263904
563199825
-1133178231
-1677142620
-940362741
209138006
-1774265633
-1903063957
568488620
1326655377
337371652
-1359296724
-2049222688
87312601
1514025343
-15338826
178108567
536370602
-838151907
-1842787095
-837426897
-1266467263
-1590358631
1332309350
1387895340
2088672370
2071592627
-284579830
737737497
-1324597566
2009713761
1337886860
-120031670
-1003861617
-986873119
-1333674386
1092740142
1155453997
1719797632
-2065086384
-700264453
59346031
-1051253453
-1791754339
-1912218936
1608874875
453916859
-1617085945
962895913
1347865085
-1531981310
-161818146
1814670917
1657189248
1210273741
-33168671
1285119373
-547823625
-170555215
1044150759
-996487648
1960215228
-95060354
-483540986
-377737026
-1368660260
691018528
-128882104
924286843
845976417
-2050671126
897074379
-897719281
-497794071
46875395
-436970439
274395936
-2100596296
1942110899
-1736383410
667673542
-1846516286
-879330694
155319000
-1682335701
2146805576
-2126230403
803951111
-146922762
1305749536
1200450518
-451165730
-110957913
-126855001
1162373441
1298278362
-786486160
1379849027
-2015952041
-932380941
-607218347
1255330653
694155238
-159425990
1984259031
-341061410
947567084
1063459457
-707982399
551387482
1652546380
1154743489
-304123293
1156166782
-1911746457
1560518224
1363606305
872788307
-585511273
1137588262
-1071061530
213516646
-1447320175
2018370430
1813574276
183540601
1830825149
-1760738814
-1320900943
-287834100
-1633118009
1513504939
-1258575101
-430000998
1531072093
-388803996
1024668165
725265294
2038993968
-594117594
-1457464926
-1730589685
1876371157
228852270
-426692828
-1698872443
-1718857890
-2131006057
1630549604
1379672312
1222153711
-1146520958
16729768
976511090
558272467
-610681056
767258943
55822253
-1327123288
195459760
200015362
-480926270
639780928
1277399816
1098708306
-1172909527
-1431791061
1724782164
1627020070
1489482922
730311523
-1669279724
1907399524
604359437
-1715962480
981192566
93709613
818437175
629825068
982623624
204850373
-1797369777
2079337450
1372613803
-2058566999
1527524202
665292971
968924606
828136377
1400559283
-560309823
-1831888252
1730724168
1656114979
-904711526
1864372164
-1273045153
-189270595
1977855354
-1537559342
-1816821070
171909022
1743904871
-957964387
858995221
44084880
732970156
439234335
-2039223056
-410598859
-1499708776
286882366
2139703795
-2093376655
-1759551850
-889385821
-1768921080
-2075975932
-1022498423
378341653
-739171432
892359654
-808476027
908004119
50704429
1262428106
-1264841488
-1546834293
1273366826
-2014633664
1963845050
680302618
-1356777479
1996874513
1456301637
-135428158
1444265241
-1790513855
876382918
-397530068
-1126029455
124649775
-699812635
-35338198
-1102149224
2021661093
2105368070
-4624710
683441540
-1596738047
396669352
-579433241
1043399506
858466863
1512327497
1319179221
-715856515
731325492
-657960405
344425495
-856050652
1276804715
-1564996264
108820543
-584988039
1600006719
31596093
-1496974225
1625692183
1684808324
-2023154145
-1248719525
708718213
1340738975
-2084628511
1446084494
-1651179679
-1208520178
1547212759
1341501752
1086902594
90240703
1958346603
-1760920243
771499509
280511090
-562253758
746969620
134591616
867169634
-1033060987
838650024
387868106
1524565362
1419406357
1049766510
-171617304
-564670548
1417352397
2027900234
-615708167
-1212878477
-2112877638
21609350
-227128309
-1026250245
-283859404
1931505854
-1391505601
1437990435
-913836115
963490914
1379547004
1120707692
-275665458
78588796
-1705108585
-720143340
-1206531380
373688967
-994534264
977853505
-1457365769
-190803747
-1083702926
548976566
-132354193
1651447918
-141834437
423251634
1180535453
-535178221
-1781473833
404062652
-1432990561
1755928657
1524952425
2095152375
1725568568
1125485026
1762527845
758309346
404994534
579376445
945404977
-1933384849
760083396
1201056799
178543468
2072837192
684016268
880460139
-141249148
141242224
-1138028517
481684814
-1799509950
544501845
-1716255029
-1015646319
1882626806
-1036568823
-70385375
1595570816
2825028
-21570958
1478793638
1754935460
74280500
384722152
-418635570
1628866470
-178688788
776993748
1817124723
1098682154
689049983
1407703000
-1467228421
1157030977
892718829
1073130979
1429762537
-1553860907
-524331740
-151514314
-1771968416
802960469
303268489
-593928174
-549914861
1641168425
-329016688
-1479305933
-722419514
-2086469483
521345664
-1318953354
577773103
-211792595
-1641836694
-103968109
823747674
544851781
-48280687
596096464
1661398656
411909325
-1484231592
1528796634
1128990262
1094451569
1346785405
1664016365
1779988076
-1801433268
1330704743
-1675302027
-863302867
-351299016
1454866271
579271798
-259474043
452522308
-1158472291
103971255
389740161
736369622
13154743
-1332051727
1544271051
105087771
1522030658
-741509987
459557529
-1209628642
1694268923
122661858
-347036624
-1556770840
1880038330
1190598156
1258270014
142475177
-139682312
-1576637450
1925246863
2018909156
1636625956
-171892224
-1420228416
-74412229
183876853
1132903535
659086249
368491648
-1025919686
906115997
-1300150475
-1722736695
-2068889596
645664413
-1540446982
-596653433
241674562
-2045617873
-1376120116
2059785886
1055634381
202605728
-2136324566
-2037354034
591282104
1549659952
-953995983
-1958934465
170495691
-274186971
1168994817
795908174
1280384823
-34965528
-1450958867
1383989587
87218830
-1506073710
-1663483109
-411445291
302682964
1055985317
1379356343
-1027644613
1347093400
-430792194
1086990952
1043867927
205818473
248330582
-1978353212
-1634597652
1727505451
-1838506964
98611005
254537660
1507644373
-924992101
-1666126782
170471506
271101979
-300932281
1483895219
725234455
1944352617
-92605352
2093174349
-224701297
-220477545
-996413784
1127387969
685862489
-2020543091
-96869726
2054602370
962362797
629790017
566475992
-88396075
-1487666769
1159683734
-316390113
-1567905291
-30783705
-2141398465
-1240925731
-1370542455
-1482069218
712113186
-1450302322
1830089412
1495472930
-62704981
233431563
1154874969
-1972442189
891723857
482238064
597995417
266161119
423534082
874460025
489022573
763287079
-451771477
2015747992
1008417214
117940548
-1087926025
1158321896
1305368161
-778902090
-1186678948
-542495946
193795288
906204679
348188396
-606043353
-1129883237
1872865387
-1490456033
1855045830
-1923543065
1048308086
1077926917
-1751030289
-453997366
1323858847
-1679157874
2003769585
-1133130701
1907445021
-303554864
-1273341808
-1999529631
172940885
-376604057
-2118673443
-163887862
-573531640
283375986
1244231714
-1187049915
-793280211
-1792183758
1987838874
596222106
1548914930
-519713527
1789044212
1225053824
-581588545
-1153956707
119405566
-980809150
-388196181
-2098820983
-1021446162
1491864025
621608655
2122673857
395158148
-905555870
39195869
-1222328632
-505979739
-1192226096
1758196783
1674756522
2007908286
290789490
-562863956
1813246779
-653676931
1694080727
1557463557
1572262252
1179882431
613291679
-1573943603
1076416439
755392466
1939669495
1800628764
-1557289489
1496996403
1032639036
1750053959
-1314288399
-132323539
1061733340
261963732
1806849592
-692721994
386060209
-809118127
1485755938
1142504809
-207650294
1701832320
-1489322547
18413642
1175132893
-741494460
145630448
181096723
-651178338
524296740
-48881022
104613697
1725457235
-146818131
-937401879
-1241375843
-1555149892
951980806
1494274951
421249306
592562743
-1670033734
137835430
1298394882
81714938
-240076316
2045065110
-2078547367
-694270614
-1964577612
-2121464110
-1157642498
-1883923233
-1614424959
-1215754175
-217876751
1389606088
-2020360958
535159402
-922504178
1205692196
1212762884
-365665442
713179367
1839045503
-1968617124
-920162024
966954289
-1304244160
1092594583
203689481
-1297538353
1026573321
-432778103
804187447
-1762265050
1866472184
2074510561
-1806140230
203725699
-1565037907
-831443019
-1992042811
-1141243978
763891346
-577717504
330468592
-1851136964
630954547
813862130
-1133697199
73897684
-1187258604
-1133793702
1508986926
62486696
896916891
589547546
2091430638
571463139
-1332393636
1697811773
-1766351852
-1088222491
-206097853
1709500307
650828558
1331234382
662442138
1373939214
-378784460
592088966
-89247336
685083565
325854823
-486355198
225277442
854601489
848631766
-2023591598
-1609187200
-804313007
1211966419
1336208555
1591395914
-952391168
-1657368615
-1282694355
-2034580536
-563206085
1642664670
625214989
1157853177
784122201
-1457096382
317446243
1460358915
-1980413220
-1474003764
-925425495
-1549439127
-111409676
1431396137
-237245403
17172613
-767414458
-1005721834
1511812987
1704992542
-854409024
-416448499
1423089935
-1253506941
-1442088507
1443900446
-1875040401
-782478017
-1626232340
1421490872
-685881705
1725124539
-1481272627
2056792230
-235276041
1002615861
638551675
-2020385041
-619711787
-676774610
1796361995
-436786566
-1799514274
2072967870
505733890
1516655088
802279424
148637107
1819439232
503974338
-1005364293
1623600902
287807547
-448082107
-1434368730
1054817662
1013509165
73951352
-989675194
36160504
-1878571182
670984093
-1095783696
-1101847144
-490847845
2003873427
-1207701471
-338856157
-96401942
806498089
629940374
-173259257
423858367
-955503697
-1908211490
585755720
-692096864
2035430645
-1553288509
2028833321
-585410387
-744707607
1397742866
854338707
-1885897921
1016960566
1971804458
1920793416
275904992
-480225289
-225582955
-1043144643
2006682051
1346841202
1169793076
166284534
-1725787169
-1674330009
-92704820
-1342025
747759850
-986594728
165797680
-1364299521
327414423
-280295052
-239291963
1028621593
-748548631
-1130216199
-1964005691
933459659
335577422
1951718476
397057399
-948453941
-1418040830
893408930
-1537727067
1289775560
1598437224
-779562853
1649844708
1285076377
-671155598
237182122
-201112105
-1591456730
-66274947
1070772106
-1398982543
-371135704
45817949
-863348477
-1641739258
-818328825
-146842451
-1131536194
-1115282231
-453397100
-354999499
1748355319
-697880544
890948236
-1775757085
1307057049
-713506653
1551965786
-207512401
-129703240
-1316514053
1843867017
-647428945
-656728008
-434799710
-2032599838
577439467
318205955
-1491400579
841954863
444770119
1538772007
-495716198
-398246869
922269375
-1177845191
-628235236
1134168139
917212478
431354337
-1635639127
1564388866
7894323
2076934677
-298364154
-1162248047
-545256230
-2016839881
726742572
520149800
874665384
-1099574860
-1175737600
-827584888
1780889069
-2015657861
-1008481732
412778987
-1594738329
-1740834421
381987292
-1379391838
1610606818
-1330298558
-269914516
-1657709639
212339521
-697786554
-2064496441
393920344
-1171135693
312527664
898404883
2054161894
-1963473433
-857615826
-501787505
-2101486975
-1894547478
346305318
-974230145
-168254210
571011402
546571731
719200021
-1658653327
1722677366
-1620827224
139786113
-1404769045
356006962
583476677
2119165458
320286700
-141360395
762119630
1408655056
1024102775
-1470511750
-1793599005
-2004248708
556553278
930004083
1182434787
402326959
282565491
-1686599184
-557045426
-1992125395
979909621
873296953
-771757620
-1288959546
-578606543
865882370
1567676882
-1516149723
-1350504971
-1645475625
-1046220317
1865129987
2081825673
-2140353103
1581496325
-1071306183
-898375523
528510255
979007921
369286265
-770918361
-439231334
-2040887281
-1790588755
1363616324
2083497615
1421692911
1440776787
-2100767582
-275560720
-450895624
-1104028787
1170503227
2126918080
250339626
720939891
-993160462
2047647709
-662096256
-1815080715
1434956944
-813704556
186122149
830208622
-1837705153
21901148
1518785242
-1809376230
1435417481
-2065089447
-1692566220
1400859628
1413195122
348921884
1420878907
-1363969431
1644699189
-406222271
-445417760
-270348274
-2078739509
-746457089
-1519063492
184857411
-1870794841
-1366323862
859415163
864742450
-1235777865
-181649837
1527785597
-303937291
-1433442440
169496122
269368429
1213861935
1859896284
-1348166938
-607453077
451071842
-194997551
-165694302
1567678879
464331453
-1148476894
873447560
1475017638
-2060977443
-98164597
-314452618
-884732105
-48201333
-1321989729
966922705
-1334974630
-1621077357
539981024
-1758753289
-775508833
1630990824
381306723
504572654
-974186892
-451216018
-710316261
-1192299741
-1485995608
-1621718443
-2130634442
1858004811
1865195025
1921550291
-851581780
1061867511
852811442
-362027547
-211763853
292118587
174718856
-1196457147
1136357835
-1672772501
529462024
-96817684
348448143
1513282680
1708388878
1031096973
1433871851
1240094812
-697629536
-543003761
1996086661
700418194
1633011589
1488470826
-1093560416
991230838
-703437493
1044736749
-1341300240
-1303886559
1198744932
1265832965
682030935
390405400
1011397220
-1012346796
1175587391
-1275741055
-8477116
-1276806553
754576422
1686898151
659654957
-1596626539
-33120779
-342252381
-1789962054
1094511005
1247212221
1238320406
-1554519436
-1015228834
1283165336
1118500129
-1668948820
-134209357
1170210113
2671416
-189638123
-48706745
-690395319
-1211224202
-1318135798
547514468
-432489203
-1064171911
1233113225
1143971168
-618911445
-277195060
-1913476618
-1115200459
-963198991
1375370048
-1930568151
2077395914
-2090833400
803078065
1180385296
262520089
-253723498
-891431732
1964148003
-1931720675
1756392078
1093176861
-1575761162
31544867
786022962
1098273534
1386363875
-1606746973
1226278395
73070868
1127738748
1477548922
-1991205825
-1752177146
1528757522
-1483103803
-1688148750
-1428174021
-436729488
-2113462140
1409237701
1014756697
-2966422
-1430034832
269405332
1433963404
44717865
-259138199
-162155570
239673678
585596252
-1036415837
575835887
305084920
229741645
613337013
-1703937416
-530576603
-475918459
1662188714
-325728818
1915402625
-1315962547
-800692390
1876838552
128708089
1754326380
-1314947397
-1496456169
-693093369
111685146
513549831
-1375511865
737778331
-1608813418
1937282113
2060800305
-1641752347
226301576
1015101761
-1599654542
-1668515869
-1187175225
1772919248
-1152547122
-1393377876
-1663009950
1462750607
495335833
311880429
-451093372
87428961
-1372658630
-1095391102
-651712281
1188715568
1963557922
-297932248
511131836
-2061314093
-428765822
-719643527
-270893578
-438009601
-1497454612
1228858399
-1184626761
-1083354465
-668897230
1989593216
656721801
906244157
-74327535
1976151789
1614153329
-1929916571
900566514
832995302
356341864
-2089157176
-1884646240
-1591633849
509378407
962805865
222774717
-833945378
-1604155713
-1114160808
421061383
271442780
-316387907
-682045049
-1565754666
-658821752
1067828982
-167327287
1514275236
1274840441
1387164238
1052415550
430623029
-134106051
1273446274
-1739882138
-1721804312
850210090
1617699513
-911214677
264631322
-2032737325
-1117989203
-1142388303
1754419457
-1835875132
-1921954265
-357770791
252917661
594325296
-2094506432
264100330
439905710
-921824629
1109356543
-1457022715
1998259608
-1592897758
1717465788
1474494674
-771029854
85470775
-1038858368
-76784843
-877773135
-945574639
-469883552
-1856494625
-1937470559
-37168499
-1692319598
1448818832
-597167732
-991389114
-1958701267
-1395843426
499431523
-1926907196
904167683
-1947130098
730781451
1101995574
-170743998
2127666486
-1909795709
1543090087
538172845
419126504
-422079135
769571748
-2053811599
-506471320
-636024750
-1291825440
581337728
-518308828
-1394586061
1727125102
-208107667
467356828
-1405625902
540835519
1776570996
-1286887122
211236337
1949012977
275272749
1783344345
-97664375
588947270
521423959
-1056160606
-1799596069
-1276130871
1584430310
1400302593
1127496768
394907372
-1380285390
-76508347
2128594844
-1775768018
-1831356830
-617353310
-859119151
-990519534
1782383189
409978018
-445213824
2136167598
-1743962923
-2045896742
1065677987
-329300966
1899173096
-1724342452
-1319891537
-1069118129
-512377766
593036366
33110721
1331557495
-487906717
563332775
1575675397
-107223351
876990993
166935330
-2058052590
1344646452
-879693778
1496299785
1193122108
-1786783546
-495493026
752586002
-1818373254
-1092996247
2059620272
-392387025
-1187447885
-1008911231
-1123683828
-502482082
-658597337
801872984
-1596157006
1858391197
-679325496
1768810936
801811264
1214876240
524841249
1445469810
-4888782
972764096
503087254
-1040611935
-1318822748
652011794
-1256048027
-298253191
1043146754
-203220657
1834658720
1036495793
1610120050
1970239207
1699022751
96904593
-1309996872
217117729
1358936953
1261299877
-1619331914
681521294
-1051333729
-1768295881
1455712709
-834992552
252108681
-1791733297
-1709585545
1363968842
897324065
561739324
777649347
1422625851
-1347659306
1099822312
2021866285
1834064788
-558614558
1452424670
-2042198183
125252920
443263020
416245806
1526807709
-497897751
758782541
2126236957
-1183373445
1174605850
-1908529659
-36858576
-1951261957
-1662259743
-452975617
353622019
-1311548324
-1092845957
1481877027
1744787800
1714895145
-705666606
1887839441
309096474
-1495873616
1053656156
-57118393
665402178
-548862758
-991643825
-1192969769
717464497
-1098742783
1578382932
-1328377083
677808581
-1043649968
-1500264924
977638607
-1477103373
1605500704
-1576575439
-648531187
-420742912
-272118477
-1910223629
922157017
-1024417369
-1682204890
-944035371
926475418
419749815
1144054243
-1021494119
-1031966977
1528738007
-1725657680
1218132429
62188612
1323572829
1746777184
1696627059
-2051894244
-494899233
-80284999
-2121622679
-1345012351
-667411833
1641866674
1782025838
1561951113
-2042316746
-1352698627
848425594
1997989529
-13942485
-1704957055
-121025811
-938691176
-1924312446
-1289184326
-1019614679
-1182402880
1209769982
-877828391
1784453894
304325869
-1248313732
-756749766
-1389209119
1550267007
124505769
1410191342
539118965
1635758214
-178974946
2118507247
-1870230602
-448712208
-80657338
293154958
-646572058
108610195
-1439010958
-1180424091
-1665626443
-583600253
1490061926
-921976696
345125452
-893026672
-480599088
-2068975017
-343312616
-588894602
-1977221745
-352909512
255814340
471410376
226094356
1086758541
-2030817737
874376478
-1232940705
1546602270
1740975602
-2089358144
1175009965
-398952857
1976031849
1503777300
804420899
12837410
-152214820
-1119528805
1847275160
458815766
-1864842134
262677717
-1758416286
882455884
-16026697
-1139353126
527875320
-293646164
271762211
-545917998
-206807776
-488866215
1780345296
-1669119447
1771118947
-1999237197
1452469961
1706665470
2031949081
-550330305
1405725016
2007838941
-1455709534
-668001306
968781607
-547584650
1592498
-575216253
1258356990
-1202038377
-726004956
2123996855
1185595989
760949698
-1517187379
-224205755
1907300780
-827155734
1350021256
-127529196
1157982196
1149214971
179670762
1191872608
732117865
316913417
-509498104
1002386143
1927115581
-728959021
-1333435347
-1853625536
786651861
1777310589
1693746579
-1451927972
-699393447
921934232
1910211626
1256584167
901499053
-635906987
548945981
198211279
2110108047
-671030697
2140319478
-500008557
-739648296
2121093117
-832282530
1532788363
1747755567
505632997
1843446933
731054084
-1462483492
608322461
-811553117
-1701459875
1789147632
1221441199
-1601006575
543726307
-1016069569
1688050125
1390126051
-2038687640
-296593687
-864715567
-661029961
1593439973
-1749803231
1463437402
156868862
1046452628
-1492316540
698131510
933849454
-1154041321
-1384108619
-124834062
1181604891
1320737653
114268508
1354943257
523922482
1106442592
-1041951004
1758053330
-1357536970
-1924816906
164959506
-1519085974
218657159
-2107326240
-1021785070
1531969733
-1079957242
206331784
-934396631
2020578469
-1788495650
974571409
-1394661622
-1449907846
561845766
1864211522
-794097623
467075290
-495532899
327037658
-1902271474
-1908908956
-1548379084
-1651882742
1774656384
-558959310
683268152
-379102309
1362468469
-1789327515
-244404597
-1709816116
73722844
-1442985109
494329884
1387135109
590704924
-687450624
-501816949
-1158555936
-609376087
1473172193
1249209720
144477487
-1873101094
1777063835
642388301
-323035124
-1668432559
659748916
-1721342054
-1733699590
-635733863
1996573105
-795127837
-1547383955
1948562315
-1642989546
1681292758
111889964
559746604
-1249620045
-1732186586
-7776161
1130103630
-1036781716
1728834377
-803959705
-1783146079
-50726584
-1575327682
663874975
-1165457734
-1882303274
726649779
-1361481056
435919302
-284408386
1574508855
-828186677
-2048502337
247509415
-932073618
1540018090
607549701
1386863793
-972629091
-1368945322
1467590966
-910997764
-2116417193
1789383114
-578163051
-1665572025
-29992563
505705623
232095906
1439396185
-666838674
1119655792
1263160569
-770812844
61128750
-1819931446
641497890
269768788
-893729981
963047147
-1986124392
-424804332
-2075287900
1604168809
-1204553089
388914269
-1627046201
-1126043494
-225718490
-1960814649
6084419
1768465981
719257030
1224376922
944314804
-1232172006
303182388
-108663081
1383586913
1791760853
-791456740
-2106805278
-351556609
-37398015
-1660450024
-3416089
2085847751
1265520652
-944415997
1968595403
597250000
-596634952
176273453
-1550700812
-1312978421
-423096458
-1694639099
1076818551
-666186772
-1633619214
-2111213447
2025499965
273154961
542036696
1049754106
-1304507996
-758175250
991767291
-780711786
623893485
-562831084
-54361623
-187472612
-7658227
-165436955
-694429223
-1100976595
-2110430291
187686149
-654827078
1513960417
-409500981
1867578802
-1035739884
1527513708
2142993195
344405555
190377703
-1950158911
146273128
-1669700106
1042973577
201101513
1842981809
-1902137774
538068118
523996161
1076566367
-316125597
-915751718
-1468728371
186536688
493789770
1779195043
-1025008916
937537855
-116616084
-1124182317
1446800347
-216346172
-2078607186
74900557
1960479810
-1110851019
-114009707
1069461275
-473901380
-594925638
-788933259
-66665018
-1696679646
-665263365
1461499964
401206490
-1000796048
921224101
-1568051416
-629727375
103202983
1376505
-96214674
1943874461
1802865788
471615324
-143731084
-1897040864
1929864822
-989991767
827687888
-1961943219
1223964131
-1513598445
1196096445
-745193560
1103178492
1388393577
-1227224404
-1045304802
2136190474
-1521912214
1268419737
1789092008
-788518683
684698226
1534055835
-1295572877
1243601230
-1939622312
-2046169408
-2006559216
26582972
-1575499019
391675821
1138458684
177005544
157319065
1670661285
-1099508659
-1683903213
-934898777
2065167292
-710765237
-1471059293
-634754874
-1405907207
385709682
-1898499432
663140460
441997257
-976534473
1712049623
168735523
-326382415
1682419140
-828906750
-1381767184
-1433041880
1282800269
1810996312
-201006921
-1531413536
1473395396
-319886642
-1466580758
-609079324
-911954248
1316337325
928505806
230716964
293094600
-647861306
617385895
-892834521
-482691593
1186111672
-1230629173
2063502526
1385904034
626967521
-508572875
758879226
-1509785775
1821200206
584443929
-584981625
1543897165
662927401
-1708501369
-1222263794
1304536618
-2053861302
-163121319
1122221295
1650858531
926644464
-1485320501
-1521216498
634203727
1301071297
1146519838
47968143
-1947514026
1639596457
-970531502
1206637726
797619790
961795060
-30935518
-170064836
-1648802281
311514884
341332559
-1980159046
-407474097
-321203885
-1714452461
-1654122808
1786990068
-1281538381
-80956536
-455447493
-1489527801
258486079
1297557517
324845915
144610318
492527335
766429863
1020865652
-35440382
-1041948134
-786891035
-950895115
467169364
-1181591887
543255738
-1855759896
-2087257374
693717898
1417873318
134470715
2129783700
-1249215897
735890487
-1607645655
-1818281083
259565159
-778334586
-1903356232
1605369073
1044342609
1666009950
413637517
1803562269
811524897
1465971840
-1000764955
-73097510
681085475
711079264
980795125
-1275041187
-1815958644
-1762977783
-1197668628
-12878688
-474666595
-1571788108
-188829604
-1098156757
546535318
-91299287
-308812137
9618800
1947774448
1258460131
965637020
-1855972636
1434796788
1317098491
654056890
-1613822796
984799908
613647039
142488851
1145762623
-324423654
201745851
1620529543
-1245479423
-1670736833
-34597137
-1036735281
198848238
-1020100221
284803246
-1974595371
325607978
-605543570
-1772650798
116320407
-550282999
-445463383
-156352173
655342050
-2006951533
-1013722623
-1357512351
1934077197
-1774561504
-102638344
-1399559177
216177871
-1857247189
-1553290065
-303368845
1039906977
969670785
-519922937
-1308462889
-1523234341
-1109720288
-232322796
1210872232
-1007362522
-938751084
-1947891945
2052170858
485367525
1230615457
2011821329
-1828416212
643691379
1877299330
1408920158
-1211411673
-698917288
2076946353
2033831710
1965859026
-2005262833
1247153556
-685133786
-245151452
-1333466657
-1447926253
1652155640
-1598296375
1431176696
-1576832265
1932748547
-334567914
1677828995
46729755
-390491045
-1381387643
681209442
-1666516429
949649830
493807047
1716240334
-589585748
123775967
-1694117754
-861114722
1854319678
1897170562
-915832388
-1926674853
-1281187696
-1658475694
329462184
468031086
-1486612318
-265134498
-524264769
-1584456055
849657967
845717732
1459367979
193327230
-774849779
1207322097
1556645077
1761169431
-2118871012
1883179119
1574977533
827883917
-1238953993
-1851944892
649615513
78766988
518596203
697786402
-1871725268
352125275
751845216
-2129304472
1359470073
732432825
-1508951687
-1876330445
678598056
-1063368799
-2095002176
1683596136
-782294196
629847878
-1856175947
907222826
583462315
-1372315458
933514945
944273029
-977748914
-958290796
1397232531
1210012243
-1432033767
-761428094
-342939084
-192911416
-1615495882
-12138065
1896648066
833310599
282472875
1769384927
2091229258
452593245
1091548422
-1059822970
1864633364
-79953739
559318351
329419097
1153351503
1954881763
-1427828079
1499250406
1076608799
1446800814
-1600054069
1914269058
-2024680014
-1537292483
-387549200
-1686193624
1895358848
-1479135038
-942468919
-570679918
-38432511
438822620
-774697512
607867763
-1557301045
660726040
568086393
209067086
1867552436
1406000182
1906484598
628484302
-738254456
-27888946
-844379315
-1116107024
1391078492
-571464798
-1074777697
-40439397
713932285
1113148565
510850856
-2054932775
322206819
261089240
-1617908628
841353681
1336276442
1414737639
1965731837
1070819243
1572877578
-2033678817
-2025944516
-1423739003
1371861083
-671069665
840788216
1618407395
1571897117
574347349
-1257003137
729758658
5092498
-446500527
494022971
-212811041
698758326
-420654314
522724792
1566972318
-1851846635
305791000
-662091953
-1538674805
986124265
2018421441
-1284449893
-929689181
-1878267393
1864031360
127273240
1612252499
-1162129916
1585632347
-361781749
1954093346
-1310450735
11914339
-1280147585
-1543308577
-948294269
-1779089063
874150333
-1865652450
144250719
-319524712
469261198
-1768643462
837528562
-1228321408
1266297952
192058636
1278793446
2072825346
1342627577
854275058
432453360
-738164826
-1174403909
1900106267
-2097765819
1770081244
1248574231
916827005
1204754482
117177155
1405953226
181831538
-1848085153
277310024
1199160552
-149072480
-1726923907
-261993145
-1289832053
2018917051
2073879071
1043358809
1745239
-316934741
-1862989880
1401264758
2005289950
2133006824
-234070332
534011595
1926322649
-985950757
2092343460
-348626174
-997653702
-140105456
-1242127272
-1674734114
1653792431
-1322206191
2044128997
526310865
-5852096
-311460958
1090008773
-1966772649
1000018763
1002540531
-204742992
-1227505849
2062849681
-1168976553
-502782390
1134423279
1873378703
-376476983
239490852
1064178465
-1131978307
684796869
-1289353031
1230517152
1044178675
818189005
480740735
-10516494
2076927324
1668726908
1236670516
53490322
-933065944
-600399681
2730395
-1636127805
-2141398418
1431095242
-1815396625
-1406545522
-1060858955
2102827172
912351629
41267946
-1907230853
1295160773
-1576159039
431488711
376187720
-1239271946
-1569415406
615715926
923326288
190119265
-1975532617
1633169609
-1514729416
839377585
1718928784
-1657927124
1895667972
1559997873
-1594491070
-473941077
1050376237
-1546360874
2110863310
-471102844
-2082297950
-1314969303
760269978
786185524
1737192078
-98453801
-472047990
2033744502
751558289
-1751716432
498257847
855003059
441631465
-95983197
-836574323
-910896055
1304589467
-751325990
795192725
-1369890367
-1347463310
1337627568
-2071974440
357924853
2087128392
-801836570
302411980
651829029
-945813634
1702631269
946408965
835204983
-1657472653
-643360908
-1141506084
-1765800264
-2034188531
235786909
-498236006
975890907
1149705216
62498619
1425421830
1305672668
1184945324
-1119782110
2106000409
2054350492
1200497231
-1663617009
30113441
-163521735
1514534915
-967563184
799549360
1895682017
-1586180343
250418337
-721543541
-231995498
1479663773
1745295601
-995850304
1279377140
-991573774
-1557025696
165263688
1885527322
774917293
336671520
-1236548456
-1617187485
-756693244
-941908432
-1866832121
-1989361259
1595698392
-2101941517
2124839265
-1123129330
-432049172
-559881240
-632247706
1099152893
-48946831
-1380536294
-794810675
364296207
-904403875
2027404873
443286707
197589599
-1977971800
-1369811018
1734795044
-1597182026
1115356955
-1429429999
1341820067
510907869
-903696280
122579428
665844261
1421688011
-1845959786
-899085509
-1794469686
-1833536719
-853035512
1296695448
-1855328889
309616029
-1373665967
-1662667595
-1236053628
-383626049
91232157
236788498
-985271456
426832602
66322643
404015206
-1330436085
1601023992
-521278675
1480371480
-1340792083
2118675392
735364971
-1817285461
-1843636411
-1989128440
2140352999
1431467079
-1893339701
486410479
-1187855419
-1225398053
-592646345
783956449
-678985918
66200256
845485029
1221091555
229692494
810424380
-1631803660
922998680
-450467810
-1365430294
-790499355
1386856352
1618821229
686760277
141272770
1461872031
-1519197742
2001815730
768008824
822101889
1411077607
-1363892950
-1624806632
-67110031
1902028971
-1112748482
1880853386
-508683828
1290582481
-1806967982
2117217367
730772211
1015365385
-1457886820
39182518
-611588386
-61810046
-1582156607
-791029251
756208325
1861831411
908702749
1590194271
-2050678849
9418453
23098738
1051338541
1514125279
-1976133534
548220541
-346406400
1255158294
1381696104
-1794408014
-503532928
2028001763
-1223944271
1349679470
1796624377
-231522767
1270664240
1104282923
-1733702370
-835790040
-514929660
-402427373
1422533529
-1615605265
284744815
1061259470
2106213257
1077458929
1449750247
1858879254
555878829
1204093395
1458136792
-1327766597
-2144093023
-559009146
-537313511
1484352437
-2022662848
-44778529
376834702
292569440
-1521524461
-1450981801
-946919681
1554131199
-2112336548
-1895340209
1672312728
1938200191
1124978188
764329739
-204465743
-1827260865
-714527962
-2004116334
658491801
-829547522
644241581
19308789
1982494626
1670075403
-992112943
-1740594701
1742816061
249781365
988431880
1941188589
1971894263
828683751
334654823
-504739532
-1515838357
371940236
-947343944
-1081360702
989768978
-301529773
-1623502072
-1041355030
1910184467
-1020208223
1053067115
-1829653590
-1146491182
142727855
1489743797
-1109049931
1751243221
1403267272
-1304120517
2108045398
824873102
-23816100
-1754191654
1902206099
-1512713740
-255528120
1962716588
-738487730
-1201359439
25649242
1785473877
-11625030
-1532929159
-1412719511
736924132
-1519251770
958793416
130904700
-966715159
-1143546023
-1844084193
-872426374
-1893035382
1331820521
1287516478
-1054707775
-542805035
176624096
884271158
-1108490934
-1659473646
1242262371
781026994
-603989887
1565540671
-1706075592
-625623839
-1799420403
2118761511
-1243137397
-2117623081
457465030
2025547338
798925158
1028969795
1420383416
227226213
709791676
1216246272
555921686
-1089760391
-636740826
-1319368232
-1056810469
-960087702
-9891003
2086956868
-482092268
-1847243208
701878580
-262356416
1875636546
-1308417031
1785899723
-1241559541
258202606
-266238308
896902140
-721180838
687079376
927490643
-1534164912
139844833
-1992114967
209222056
-1987100044
1738089164
569397392
-846544928
1545266297
1550649404
-1644861574
591456256
1943356506
-372409910
1727854794
696219034
16718886
870539658
1275960002
-2077339734
-1872571106
-272944407
-88188250
-1989469844
696380326
353482699
-1433316101
-562609772
-1735338324
-1562399393
-732987906
-827868547
1284212472
-1742476918
-2109483457
-92459633
1615024741
-1397413498
574582494
242908986
-1833587088
-390270335
1742495154
-579564274
1787242595
-2108470942
-535229036
-2094997657
-5451303
-1288525922
-1059532883
-102362868
1407785217
-1822141104
555059841
112055514
-1713322261
-630438247
879784710
296110678
-1293128171
-727269727
-1336715667
1059892485
-922633487
806090424
-1025159240
-229297478
-205684370
-967308377
-1879363032
-1804153003
71846133
-1901373794
1130359802
1870214995
-85711541
-1217334934
895171442
-209445353
-1993435990
1788018767
1092461265
-543977575
44271557
-219256304
-1780433873
2145796251
-1874078368
-1853735674
-1018840731
871350537
1072166086
107048737
810078247
-1463458124
782147612
990697986
375860544
-943713288
-2142840205
-217388444
1450800682
-1919726127
-1560021329
1949674088
-618012684
-1763697264
1096563869
-835479968
1959730146
-1023314480
1103317851
-1253527783
616246010
-900871960
-2042349183
802024979
-580844046
2096743110
1628655244
54287625
898321872
-1410890628
-716040418
962368398
1208510628
-340304398
1192150234
-1755233273
728495467
-10005179
-1187214120
161727088
757522481
-614359460
-438699159
-210391947
1022864640
-592921019
-1074429664
-732139426
-1271979233
-769060791
1360880379
-1906193077
552533437
-509131019
1618276019
-1829745350
1245138409
-612561318
1328618673
-1696686416
-1041757800
-42823297
-280708184
38534379
-1886890510
-201178115
-1350525531
-1850914822
1054128170
383747369
-1236206113
-860656579
-471576960
598797589
1418366313
-1639616501
-1363767269
-1895925289
1840997395
1573990309
945244688
-1417702101
-527435818
1723177319
643147899
996558292
1789823867
374451036
-1295682518
566734617
-1459983330
1574168817
-1844604448
1057960463
-1770569660
-1327671691
-1480637952
657159045
1930548179
1914298542
-91008144
-84702691
-1979861963
-1603551421
931436250
56342417
301146880
-1328736488
-237394363
584417922
497540799
-103041103
411187835
1088319757
1584607279
57926632
-2129241336
-522998227
1373464748
-1225575589
1646702347
-1260685639
442547467
2032583437
561258363
-1334732220
-2142183581
-566018543
-769629379
-1415802602
129822679
1832360954
-1997007490
-2110667128
-436985720
261096148
-1281656260
-2072930644
-417853444
-1849194195
925211829
1486054300
-1762559536
-721864731
-1084640385
-1965167122
478859428
-496639330
103598567
2013595342
-1419547046
83668288
908985645
289143723
-416702207
142099267
-238734131
-244338512
-217668102
-366552261
-765396677
1860814867
-923740165
11356549
1608800233
-605466358
-521293870
1903877562
483997461
1653023485
-345466576
-1370389931
1968429893
1194285944
1959170383
1872795493
912505231
-337373038
1521280612
1043578211
-833159691
575427429
1398970907
-2008413594
-483467726
-1225643116
1912295630
1016930615
-1100668712
652993955
-1928757426
1413944273
-257155203
-373774368
409051445
-316803032
-622641363
84883605
-109693284
1976199504
-1722013364
-1903013714
-1856322934
-1068434763
1781751183
2142786988
-1104217779
-152152149
-1944535735
177079955
629528950
-1230741850
-236935486
76290812
-1511109007
-2118066330
-804412246
-1913750790
-16828698
-965478552
851268496
235828177
-812602171
-1917535248
1567445414
1484901774
-759074818
-335597628
-471234452
-1168496388
-1097572509
2100370909
286514391
-83740269
-1936514217
1043972231
1083114691
775482799
1902489698
1010443690
-581322141
-772736303
397558626
-1552922771
-1499753402
1903030322
987499664
-133203023
-1104374484
2012923627
-1492393901
-1278313086
127594092
-1272952644
-1721449057
-1976173082
1217007807
-923627057
-103000393
-1649215804
-425350284
2064080644
-169824347
-948523666
960585053
615376370
-1213347496
1463374712
-2025601373
211948586
-636530001
-880998630
353882222
-867336685
-684385950
2020015060
-834805243
-556462485
-584587852
-1472250051
747838428
-852185336
147954048
-326583130
-1044320357
-63023977
1548879642
2035469045
895261249
1400060335
-239774707
-938199390
927419580
731147061
-1619652092
1643033087
-1953379154
100841751
1035450693
588468930
-36516575
1730451535
129037346
-2089633905
1600422830
-968356420
271793835
928191646
-859651567
2141562125
-1826557364
-1716208441
1347940322
1166442978
699693868
-1797230856
-739188736
-1917691720
-738267533
639486384
-1329679865
-272000082
-778884276
81953362
-263274237
-126511130
2112905735
-264587733
-110235011
640439507
-2028717247
-1482059400
-221517377
665225097
1895317333
-1835819127
1591658863
-1841411363
-329643786
665679035
-1774807062
-94139528
-922795227
-970338595
-1191811161
450579894
-456863698
-2145993055
1362301690
-1526870135
1720877804
540020059
2133386911
1507613874
-2018417289
-1252712574
-1767692839
792437157
-1638080618
-1775804902
1209740789
-1918551083
-2064280497
-1452968314
115826068
-1914861878
588434444
1535926908
-338569174
-1039551863
1485311533
-1303393742
1230106436
832170114
-1574772305
106862751
92562348
-1684031397
1495490982
-2126584293
1058678101
-1882744194
-1515013231
1701463279
142675178
-811558843
-1564536060
38247725
-334987627
-329875537
551269704
-1944644396
2137088887
-516197835
382842749
-1160241309
219141389
1647438002
1383991433
541890118
754186183
-783070078
184306198
-1488645010
-2112546796
-1894992464
797646199
198677386
-338520080
-1932344055
-127754559
1465459588
-1271430857
1220697191
-1717218088
853981023
1467241260
1001928493
-1891636630
1083138476
-1668003098
620060424
-1705921656
-560884886
-90927384
-1011110633
1744067686
458399489
-1813375483
-19152935
1741294271
-1453139117
739561559
-166601991
1516024765
787302063
-1679644688
-985329325
-496279285
-1278290352
1039626519
-1184003909
-1972473682
-1356959141
-1432805647
1901510094
634907672
1728770445
-187668813
197222252
1507279714
-480130660
328680893
1236530878
1198195670
1289050839
-815535018
1839135568
1177193458
-1451456099
-1731973793
-1768602716
-1024732659
1197035445
1028476182
-446761469
331453522
-237753085
-891894759
272554233
-996241876
233004242
-75031180
1129759892
660208112
277095917
-39641847
1179982226
-2033324754
434919266
129615712
105828521
-1524691394
953246181
183850698
-1624857749
-579349755
1805514226
649881478
76911569
2007214555
667576537
1401427674
-1113023145
1481319398
1646825242
-1436916365
-516206810
116825911
84145040
-1811047857
-29453194
1882127488
-903898720
2032402865
2121996160
-251276342
1626942829
-1388653339
265728049
-1170846358
967881284
-807127627
-15925115
289426767
1392493444
-75621242
-744358061
-954278365
-2081814401
-207097927
903584504
1786330222
312430506
-1453904961
1846325955
447604114
915282616
-2007645220
1694094913
955812975
1092065147
-425653074
-1797937233
-1430122590
339089441
502523175
206596823
1408641599
931645032
748720392
339564298
1019176271
-1636428848
1370467273
-1319010131
-767226381
1621360256
786949725
1385003456
122813187
2127280421
1031233207
1324932454
1611337114
237663796
674800196
72256195
918348807
-295208015
549018000
890026468
1276244647
307589311
-362161856
-652365405
2067188592
-911047667
773692621
35354556
387589005
-941317482
-1007872514
-820516585
-1188581616
178319656
1441475853
-1199349024
1456877588
1877372827
463920952
249403796
-971085734
783231868
1896670042
-1576114606
-2137606475
473026251
-451448805
-1324197416
-170739728
200587398
1079092348
-377965528
131412634
-1239906042
1751024935
-1931228703
775459397
-923414056
1980325091
-357805924
-1990405723
-771349519
-51361949
426081748
-618496731
2016720819
1882659689
-1422316409
-187740540
-1360109554
-430533823
1981377048
-263796954
896179054
-219596278
-827329891
-1990274721
1247686748
1267027189
-1491438449
1754919010
-359985399
-126140487
-716649523
1312559610
-254425912
116368490
1235091578
906991563
1130136895
779015160
-94270985
-389871607
-420532889
-58591874
-1960649131
-2043960324
108233918
237647080
2016088329
-1452034816
-698980470
627605055
-725376841
1594837713
1578699465
-1378431
-1972170554
-831767800
-143951839
-1247371857
1558072551
30055899
-695933297
533902719
-1155126164
907999665
-725610094
-2010528498
-1256344356
-449598653
-1752859979
-1652893207
-1202330433
-931720583
-820210891
-1303601772
1643487648
2016409372
-346318996
-1686470273
-814235362
847270990
1729906821
-735667098
1329848844
-1514658929
649049990
-2058542796
723041028
2143353912
575724070
910385649
303319833
-890757039
1630574803
1519060741
-615965064
-405643096
1503891021
1887803112
1994499684
1880458673
246952166
-268389699
2024540189
-1894972501
-1581017742
-789691765
1101339171
-1815941677
871343999
989578864
1742294613
-1520518738
-1769333956
1997986810
-966993795
-266234125
-1885587470
-1294046550
-1869653930
1060437858
1792509762
245922254
441974700
787279629
2012657314
-716369043
-1616955343
111528212
-1941566532
-1994143943
-811512025
-819495591
1306985986
1605052690
159709374
2017176562
-885218484
-144824116
1589280323
1122892472
-1530128011
-1324235667
1986755477
647201817
1092518256
-1342118981
-1575586144
157047593
-1060559420
2030726258
-1752401187
-2037909373
278763352
1311108508
-1945784332
1117436557
-1875597346
-324488191
1528811147
-1186105039
25816432
952258091
1485104480
20995068
-2011455303
-949163838
447047524
954446186
-2057425990
539774170
-1053765919
2144161987
1764860401
-1290534063
1028817118
1705619095
181923996
1890623663
-2085212485
1995296667
1246276407
-1731964441
-1447608419
1164228867
480334028
1101201616
-1608667543
-35829293
1813395325
1955002953
-1855478393
-650579704
-1647225717
39327292
1610796005
-702412247
143505141
1620691239
-1614268582
-1543104883
-714097367
1807955543
192185665
-1598417461
-905301762
-276415841
658010354
1719723450
1128615632
-1240681100
-856857977
1058348961
-1129418512
-1393987845
993413442
-1507765777
-713407209
1040164529
-219717248
-525882354
-438628673
-748098363
-735702832
-933885973
1687299818
293438595
-163057726
-11817161
1858007424
215051500
921621914
869373164
-1555790830
-1262776837
-1348353892
-1146370021
488014068
1119417262
-910214035
-879996179
-722902969
-809311748
-467820115
-246598782
1074510660
1376081872
-1238541839
557477688
-1602134816
1286415868
-1758418664
701600125
1255717602
-112358092
1013125330
293054584
-1459744009
-2107461057
439977794
-1823706587
1767644201
-644655523
-1404519576
-583964107
1351587451
1078182475
-1224693692
-644771647
-789917350
1630575511
795035525
1862706575
1691324973
-715200351
-2030508218
896844981
927832371
1248782939
717547914
1797146091
34452195
1197372424
548284686
269687822
1462056842
-787670742
647471831
-2000845335
819205645
-1967616653
-403708963
-761987525
-1033233153
1525809997
909753388
-790635265
105467281
-1962435265
795233771
-1047242460
1759496183
1964623799
-339702510
-824099287
784656970
404784440
-1517492793
1880582978
852842121
-197297696
608569510
538937935
1956126260
-579380788
11867509
1127287879
149369564
1910806676
1635110602
2031995342
-929995723
1949501708
1163480763
82282408
-1760667889
-474847408
-434878039
-1095859603
-875054737
-1622587727
-1780099777
-1089145738
-346457057
-1519049976
-511003850
-1242058133
-1088646527
11677606
-2028478377
-877794523
-1253096780
1688004019
198308398
1899635524
-1314811587
-262145204
2003136752
-1188620111
1483134662
-1237035048
-1898133046
1467620202
2138175691
-880912675
-93891525
-48005021
1193037640
2046193836
2129874298
2060676413
465602647
2086977313
-481237842
-1666431834
-334924997
-848121745
-2013378085
-935777495
1428103825
935908935
424299655
2097392558
1933801910
-518724449
-981478187
-1424694046
1924807775
480123589
-1035967139
-536047007
1581297929
-723891587
-63965101
-2053714466
383341
-1751239216
1374119465
-764428719
1525340626
-890362303
-1159055245
1374463611
-1474866163
-413153705
-1599428342
-1389152486
-134672172
-1811731650
116927359
-338759646
-583789134
1066592575
553005148
2093954088
1431361602
1045026524
-2048060986
-1448824408
-1445474560
-14432453
-1591857133
1809024664
-379405381
-1324482956
-1150882484
-1655339992
-1345492929
-1554912408
1680346984
1772642776
1728545039
533709806
-1615351112
736586850
-1174172177
453854221
593661495
-484417595
-1743697720
-980998592
788539612
2106278457
1347483543
-153705288
1137400354
1448978677
920568175
-955371873
-1702416896
-19621893
-377488177
-1871918006
-558729364
323585183
-477153633
157602435
1180544699
720787627
-1492165248
1544088555
-1883732634
599926347
-1528394603
-798115527
994438155
-940212833
-1559481333
-1208925597
-1470913202
2007532303
-1951678310
609336128
1537405462
250870214
-2079284878
-796215477
1668331302
-753202125
1134713549
940081895
1286024410
-548728393
119553496
-689246081
1124787058
1209767929
254883130
-1683376606
1188244608
-89242462
-919052741
-9271412
-1694788693
-1157913852
1885829005
66669811
845203711
124802843
209293994
2105564176
-658488838
1757035756
1359890104
-1332601977
-1143641318
1686630121
-156027623
617237315
-373241137
-586328070
-468410729
-950651861
-1600218103
1009159572
8458456
-916416253
-564211793
-1669654499
-454224248
-1359857312
167609396
-1883789391
-942388038
-1069615500
-2001488582
-1195924630
2036858595
1590153805
758704784
-959662511
80176263
1526611544
-858559275
-48209440
1237251359
-768023811
764090959
599216374
72993278
-1848348161
1061992959
-2077119598
1065769859
823166642
-735491417
-598474959
784695584
525276589
-243715952
1399777855
1553522791
996013788
-282014629
-1616222061
739522029
776196535
-1412918699
-313772336
1619325143
-2111144264
-150921889
-1389858281
-809066266
-2139154752
1603082270
-601850931
1587504167
-592446728
2074847928
-823889043
-1214848469
633435002
44268145
-75005989
1817803328
-1294290456
-890698301
-1964861268
1849374818
-1932364744
427886836
-452901113
142735997
478885886
368729911
1376917557
-1744302485
-1107607576
189301048
372518531
-1352576787
-1109679264
-686277619
-475419715
2062671033
-268352339
-1698291144
-218325085
-461765799
-1995652139
200682661
-1602272684
2139044485
-226189239
-117197890
-541485693
206708578
1796822363
1874027499
220159988
1082142457
-1765166306
75176487
-585345414
-1246607261
-921972831
1550785300
-2076298702
713363120
243043034
-552653621
-245500820
-1467657944
-1288912241
172634821
-652081501
-1654321057
1699530810
-924453288
1399098015
-572792137
326642344
1806633457
1047119373
-1874051976
1693855206
2122737848
-958723172
-2018170012
1186895630
739868147
1749694121
76900722
955466243
186281745
-2033471205
-383790391
1102831581
-723011413
1822398582
-918295584
168855787
-412218844
-268214360
1673035824
-213809120
2055790771
1517879597
849133464
1458798589
-1271199444
-282097925
-1100393968
1854832352
1736671983
-1456960940
608702973
1486433243
521065508
-875798017
410289910
-1540957777
1777994100
1857336886
-762382987
1399659860
-1545970211
117276460
538434646
233342980
-853593700
-1373112801
210081170
32132401
-1802903242
-1509288978
310311119
-717839280
-587135295
-251738303
-218357957
-1227575930
-1605237279
1762398295
1828626913
-1528384580
-182614196
-809848270
767535955
-456642115
-1360503427
-1734001608
1858155414
1374074802
-2123913765
-350550870
-34868734
-265649694
1345646810
-1357868706
-1585493260
428744129
-70159444
250562095
1132992002
510498377
-1306216175
-494738363
878893194
-806039474
545983858
-2085487113
-198196217
199589743
-126140678
-786387657
1514950383
1139576582
1318705359
1241163169
715921474
-617621584
-476227398
1764327481
30846480
1656772995
-50362089
2039005943
179695357
1055959941
-1075240758
1939863722
2094384450
-494333117
682059170
-1447170401
822573792
2070315877
1541646775
-365673746
-988480737
-1773666520
912376374
-2008255959
127613659
-1063109247
-1571369156
1655567805
-1663173977
-1443724502
-2141901550
1826141100
-347570830
606819701
796282766
-32061773
1368652892
623837783
967349872
-1946433553
-738591673
1159466555
-336308162
-975162241
714630397
1722223126
1398620953
1862510944
160215664
-131312270
-897658107
-2147036268
-1681289914
363209476
1152490513
-1302522507
-107345401
-1285755393
-1465264359
442604562
282563010
1260500778
1226353008
-233696246
1631487444
1076151971
1329668358
1839732185
1846428756
1582384869
-1499582201
41238627
645404641
-1528006076
1350538584
-1193452761
-552149234
1519571760
920107647
247651808
-1344579452
740850612
1490531843
1020008635
-1161569319
596975061
1275048742
-1280164249
-1519335581
350434624
1163671517
-1676787628
1066635202
-1567930495
772210664
-1932842892
1585293575
-1708420312
-9457217
-952382034
-500021145
1530717427
969615710
-322700605
-366368871
2112715612
800762373
-2120908098
2101546580
-2120734645
1909479580
-1338319604
794929256
-194509045
-2123635436
1670281614
-12688520
1353785733
305659364
1242764607
1303185669
-1464250023
-389932677
2041953030
-471864456
2062152351
1175585079
1700965927
-226639854
2122804474
-1366624746
-1038908997
-317034965
2089832226
1335026491
-1350026941
-1580672982
-708943550
-2020107021
-416472003
7273919
-357895388
-1496763905
-1342398072
1481474128
-1519555861
931216712
286360318
1661444362
-615342773
-2035457214
1856422151
-850190716
-2047797590
-378792915
1438008024
307840750
1060598486
-1282529026
1753139651
399818039
431815481
-1002640175
263792326
-181389263
-1842649156
-1938082746
1076633546
1589089187
1220710713
-288980755
693642790
752629958
1420989508
-1261777363
527715882
-756174110
395382171
1844331584
1241995542
603350984
-526446241
-649190553
-30098889
81563815
626991509
2042264146
1986243162
-323753734
539242195
347690816
-144003420
518466404
-902102800
-1373373266
181762561
-1166231423
26269605
-108116333
-487927522
1668758987
-1838939183
1738255404
-651172651
-648842988
694306956
25307800
-881303220
-498013393
961627866
-1025111970
-1460679347
-1000225427
-2003037935
-1097249457
1804622785
954253537
1929990603
-799317445
372854234
645523355
-801637258
-1511749550
999231389
1257897107
-1296434202
-399404301
-2095270521
1421224848
-1227047598
-1797859539
-682889241
972987562
1595380635
-8222643
1460744211
189966010
-854454839
2072948682
-658725059
-750704578
792650359
-1042845021
710800913
-1766040133
339529067
-984650097
1362160338
-586558514
-1917742648
331715045
1367279181
600431032
1502813720
280978136
-1016191662
-1157223168
1385098509
2102942114
1561686041
-1020784479
-840407963
928503879
-1596632901
734414945
1316589351
-947173786
888898343
-1407740577
-583126826
756512979
-1685326076
2119625894
2121113347
-1146919935
-2089439709
930387446
906863326
-1847342633
-1208843929
-1413485603
1863381361
-1023016952
-1904101931
1265019508
1910066498
-1063688207
-104631531
-91234000
-1195230134
-356261646
-805994931
-1015084251
-797971396
2119181219
510578646
-1741425922
914208211
544590537
550900525
-2026602369
1860680026
-429254062
-23538927
951966607
611404622
-1152160319
2061761690
-891387579
-456337228
-637345074
-306964695
-664082234
1706213641
467267663
-215705688
863073605
1413648157
905220629
113323973
205823296
1086092685
-1722338749
55673455
398309091
315226543
1905051019
46964356
1535486388
1455660468
1230553796
-1229127556
-2078345066
-1717778542
-649912540
-2037331610
1207479353
-587831433
927433595
-1503904688
-646559272
352791976
-730274513
-119762028
463956345
1273291466
-1525559055
1142730306
19932268
2041752699
506915254
1175436332
-229291662
163791502
-1316898016
-1233126138
1425499201
-1227945713
1067129525
-1323674691
-614313200
-177283270
127176014
-679576298
1235290108
-1515836629
587565169
-79956831
852912084
118836382
-828126975
1936413440
167445936
-845284836
-1305840578
2013739561
-2003436093
-373950327
-1384634223
-1018149244
-1725482195
-439224144
1290326127
466086995
-788831558
-496776943
-762163130
-258299617
-823020940
1229378174
-1068746387
-1662819787
-1935673724
2039337665
-141690840
-1994974856
-336801127
-894701125
153507279
662434756
-1901035954
2015422758
-1443747989
524253276
697026496
1219427231
-696717695
1541481349
1974762297
-1874261951
-1593465656
-768167203
-148329078
1522861680
-2103757546
2015558142
-1857054922
-153984411
-154866518
-2145984490
1852650591
-1082696210
1113048720
-377582173
262094591
-1658233535
-547183117
-1383627906
1314743240
-1161691219
778698721
-1196187176
484294052
1303056917
-956628121
-1547810051
1145958119
1355738960
-1898635379
-1638274178
1192378552
843976240
1409521191
-1876408
-1163624009
-1966059998
-1338591924
1002898243
1838173067
-1452511885
-1826773394
417044124
1939181802
-10573848
393273536
1316036283
-1920792982
828892356
721689849
514717873
-668491307
-1280809071
589585410
-283370886
-1237250388
-1015899640
-1673816678
1634176314
1879628958
972551182
848452330
-1862252534
2065727404
1117457320
1443304867
1712778297
791222914
-1921673354
-947307322
-1411831070
1900383489
-1364751395
-1808622856
-809565302
361532488
-897363975
-1606870301
924299191
1480245610
1951587965
-1687069723
1725423320
-1503459811
-1948955322
1421403460
164438490
-1725695990
1620350621
-330090530
825445954
820596366
-1128834278
1623508632
-1946848583
902944814
1298996931
890591728
-1742552336
-1558873279
-2116026564
921870022
1451279999
1700191701
-153434102
-1816084083
791042502
2116261598
-286311026
-1959137139
1387836440
-1957783120
-1091111503
-1850904136
294341181
-95344090
300249749
421706892
420515685
-1088461156
25966619
1827697756
-1981155074
9497817
-184305463
-18612655
-1148242236
1260537171
241175330
-2019364779
-1803178232
-1565573529
1821113435
912410061
-668288912
-188686573
206351059
2120782025
1989597488
-465528391
611365321
-1974533266
1402159657
1659696310
716147036
-532795824
-2133206255
2114024622
345504043
356761267
-925358590
-1688195868
-92702903
241389059
-1586309901
604101120
157141819
219051537
1861787006
1625469424
1643416518
-245694906
-809494626
442984681
222876954
-1278738475
1570630792
475467909
-2101190788
2067732455
-1553698557
-1449298869
1518874455
-1788187306
-38992758
-770310285
1469566542
1329593016
-949444622
-180004040
-1294404332
735947347
-505039831
-1038119773
-143070371
207568085
1632373007
619810912
722469722
1321406170
750137436
-2056797659
865858099
-1719962274
-457893132
-614264827
-805030566
517849962
2112408306
574812552
-1180892783
1371597604
1745181311
1455476512
-1858408183
-178603924
-1821476364
1099208016
-383768286
-1231767065
-2137060977
-59246192
188560914
-71721843
1442848815
977619850
738513615
-1704556587
-1851686399
-819913541
1030379732
-1528970814
-1543273992
1431799184
-1266662634
876847976
267390287
-1967241177
1211801793
1195089747
1969319683
-213502597
-1556912304
1045088481
-2032449030
514401224
1645906251
-1283771146
416737259
-1172885763
1964944294
-147323376
629830321
1103405730
1692313786
-414771308
-1625540895
-1150464187
-1997591915
-661415971
-2080541541
1478026863
1932328409
148165910
-1271857828
-965931098
1777519386
678460830
-2041650782
1869383206
1999369465
764574906
-1205347260
-232564046
-1256486305
75858200
1474469243
1424840295
-1525670028
-1358758067
-1182865426
-1205994116
1503440779
1418729155
-1793014878
1094722092
-1455341372
-736096623
-357819233
-588680459
-933662645
-898920793
-1965416509
-1896414633
559834910
-1734920064
2006108995
-1190499192
-1656209724
-207120021
-194390822
1676382962
1347643471
-2079122256
-1996290349
484730925
2059582495
-677424641
-196561495
1980589865
-1589923743
-1228514424
-449921331
921583149
-1392519461
-1857095277
-1707829695
124817613
1444836049
-1776816085
1794796158
1343809365
-1498663397
1628772624
-1728354935
-707325691
1280429608
424052438
-1510667585
769207229
521550198
1793898429
349407317
-50374270
-914732019
911777654
-599685772
-129693504
1029787370
-458440809
-72561643
1616174158
1272367396
-111337443
-298135487
978780348
1058068648
-732961
1211065605
-151408649
2073825479
51827347
-69591479
-827505748
-300420505
-1085974008
-1408321603
-1721231214
1413386296
-891713513
1129110081
1039259086
1504163651
-1606184261
1457573748
1668861392
576289809
546863394
-2050680086
341558849
-1749881662
-977295187
1218049524
317235687
-409275667
-1646816702
-435498596
1276589436
-1399602615
2036214573
-731855818
512032798
-170231343
-206679318
-1896622256
